0 0.12008572869389814 0.17712328767123287 0.05610186585980837 0.15383561643835617
0 0.10533535047907211 0.3263885429638854 0.04652042360060514 0.07637608966376089
0 0.17158345940494202 0.20950186799501866 0.04891578416540595 0.10155666251556662
0 0.17549167927382753 0.36358655043586546 0.04362077660110943 0.160747198007472
0 0.1205244578920827 0.48405977584059773 0.05774079677256682 0.187546699875467
0 0.17523953605648007 0.4963387297633873 0.03656076651538074 0.11408468244084682
0 0.10073121533030761 0.6048443337484434 0.036308623298033284 0.2573100871731009
0 0.1010489157841654 0.7856911581569116 0.03492183560262229 0.12600249066002492
0 0.11920322743318204 0.8698754669987546 0.033913262733232474 0.12642590286425903
0 0.15551185073121532 0.5699750933997509 0.06215330307614725 0.1278082191780822
0 0.172970247100353 0.851519302615193 0.06732223903177005 0.10838107098381071
0 0.17372667675239536 0.7688667496886674 0.04362077660110943 0.13922789539227895
0 0.23335854765506808 0.8740971357409714 0.039334341906202726 0.07372353673723538
0 0.2320978315683308 0.7587546699875467 0.09732728189611699 0.09719800747198007
0 0.21621280887544125 0.6070236612702367 0.05849722642460918 0.21932752179327522
0 0.22289460413514878 0.5192154420921544 0.05118507312153303 0.11315068493150685
0 0.21091780131114474 0.28281444582814447 0.07110438729198185 0.1759651307596513
0 0.22554210791729704 0.1504981320049813 0.038830055471507814 0.10110834371108343
0 0.26531517902168433 0.2027895392278954 0.03668683812405446 0.06872976338729764
0 0.2704236006051437 0.372453300124533 0.05799293998991427 0.1212079701120797
0 0.27597075138678767 0.4351805728518057 0.04891578416540595 0.11718555417185554
0 0.2760312657589511 0.6021793275217933 0.09820978315683308 0.07669987546699876
0 0.27029752899646997 0.7371232876712328 0.07589510842158347 0.05082191780821918
0 0.2618507312153303 0.860560398505604 0.049924357034795766 0.0914694894146949
0 0.3543267776096823 0.8460772104607721 0.060640443772062534 0.11729763387297634
0 0.34178013111447303 0.7140971357409713 0.04236006051437216 0.11975093399750933
0 0.3230610186585981 0.648717310087173 0.0586232980332829 0.0761519302615193
0 0.3218003025718608 0.46070983810709837 0.0397125567322239 0.11594022415940224
0 0.33825012607160865 0.3097384806973848 0.03227433182047403 0.10033623910336238
0 0.34001512859304084 0.16919053549190538 0.04084720121028744 0.11057285180572853
0 0.37506303580433686 0.18677459526774595 0.05547150781643974 0.06606475716064757
0 0.3915179021684317 0.3279327521793275 0.02660110943015633 0.08237858032378581
0 0.40437720625315177 0.4400124533001245 0.043494704992435705 0.15422166874221668
0 0.37727181038830054 0.5953424657534246 0.06492687846696923 0.0739601494396015
0 0.3712808875441251 0.7691780821917807 0.0529500756429652 0.1087173100871731
0 0.4030509329299042 0.8572851805728517 0.04084720121028744 0.08244084682440847
0 0.4381643973777105 0.8666251556662515 0.04147755925365608 0.10112079701120798
0 0.48550176500252146 0.8361270236612702 0.049420070600100854 0.12476961394769613
0 0.4572617246596067 0.7561145703611457 0.07362581946545638 0.09174346201743462
0 0.5159505799293999 0.7483312577833126 0.054841149773071106 0.0512826899128269
0 0.4953353504790721 0.6158779576587796 0.06908724155320221 0.057783312577833125
0 0.4402420574886536 0.6319178082191781 0.05219364599092285 0.09731008717310087
0 0.45707513867876953 0.4837484433374844 0.03895612708018154 0.20684931506849313
0 0.5158850226928896 0.5080323785803238 0.038577912254160365 0.158293897882939
0 0.4310388300554715 0.36358655043586546 0.05143721633888049 0.09848069738480697
0 0.49117498739283916 0.36016189290161893 0.08295511850731216 0.08665006226650063
0 0.47755925365607665 0.24200498132004983 0.0648008068582955 0.13470734744707347
0 0.44742813918305596 0.17463262764632626 0.038830055471507814 0.0965628891656289
0 0.5527634896621282 0.22582814445828145 0.03164397377710539 0.12723536737235366
0 0.5591931417044882 0.3523785803237858 0.05937972768532526 0.09848069738480697
0 0.57684316691881 0.47704856787048566 0.05156328794755421 0.0863760896637609
0 0.5707261724659607 0.6197633872976339 0.07362581946545638 0.1212079701120797
0 0.5629097327281896 0.7133001245330012 0.0832072617246596 0.09347447073474471
0 0.5739435199193142 0.8672353673723536 0.059884014120020174 0.09935242839352429
0 0.6314926878466969 0.8691158156911581 0.050176500252143215 0.09613947696139477
0 0.6260716086737267 0.7393150684931507 0.04387291981845688 0.17516811955168118
0 0.6220373171961674 0.6362764632627647 0.07211296016137166 0.08860523038605231
0 0.6215330307614725 0.5154919053549191 0.04286434694906707 0.15580323785803238
0 0.6003530005042864 0.32418430884184307 0.03983862834089763 0.17453300124533003
0 0.6086737266767523 0.2110585305105853 0.07866868381240545 0.09221668742216688
0 0.6844427634896622 0.14643835616438355 0.05068078668683813 0.14905354919053548
0 0.6543772062531519 0.3248069738480697 0.06921331316187594 0.18821917808219177
0 0.681290973272819 0.486214196762142 0.05446293494704992 0.15922789539227894
0 0.6696923852748361 0.5715317559153176 0.057488653555219364 0.13092154420921542
0 0.6722138174483107 0.789277708592777 0.04740292486132123 0.15307596513075966
0 0.6674836106908724 0.8473349937733499 0.058119011598588 0.18951432129514323
0 0.7170953101361573 0.8877833125778332 0.022188603126575897 0.05327521793275218
0 0.7140695915279879 0.7450684931506849 0.044377206253151794 0.07960149439601495
0 0.6968633383761977 0.6092029887920298 0.03845184064548664 0.18633872976338728
0 0.7408623298033283 0.464906600249066 0.053328290468986385 0.14178082191780822
0 0.730398386283409 0.35673723536737234 0.04072112960161372 0.14953922789539228
0 0.7143872919818457 0.1861519302615193 0.03996469994957136 0.07975093399750935
0 0.7836006051437217 0.15874221668742217 0.06543116490166415 0.1892029887920299
0 0.7786182551689359 0.32013698630136983 0.05143721633888049 0.14775840597758408
0 0.7803832576903681 0.43300124533001244 0.02773575390821987 0.14021170610211706
0 0.782970247100353 0.6509090909090909 0.03895612708018154 0.11537982565379826
0 0.7772970247100354 0.7961270236612702 0.03265254664649521 0.17673723536737235
0 0.7674634392334847 0.8762640099626401 0.043494704992435705 0.07382316313823163
0 0.8443015632879476 0.8955790784557908 0.038577912254160365 0.07435865504358655
0 0.8280383257690368 0.7097384806973848 0.03328290468986384 0.14092154420921543
0 0.8156833081190116 0.5958156911581569 0.04790721129601614 0.16952677459526774
0 0.8161270801815431 0.45774595267745954 0.055849722642460915 0.10006226650062265
0 0.8426021180030258 0.32217932752179324 0.02735753908219869 0.08788293897882939
0 0.8543872919818457 0.19175591531755914 0.05874936964195663 0.16815691158156912
0 0.8833182047402924 0.16371108343711085 0.03567826525466465 0.23651307596513074
0 0.8828189611699446 0.3007098381070984 0.04979828542612204 0.19932752179327523
0 0.876137165910237 0.4795516811955168 0.03895612708018154 0.20591531755915315
0 0.8923348461926374 0.6219676214196762 0.03580433686333838 0.21684931506849314
0 0.8893746848209784 0.839838107098381 0.05282400403429148 0.14418430884184308
0 0.8931568330811902 0.7452303860523039 0.045259707513867875 0.11976338729763387
0 0.9380383257690369 0.8828144458281444 0.07173474533535047 0.11855541718555418
0 0.9346949067070096 0.7551805728518057 0.06202723146747353 0.0749439601494396
0 0.93267776096823 0.5827272727272728 0.04589006555723651 0.12095890410958904
0 0.9533535047907211 0.5061519302615193 0.03983862834089763 0.13712328767123289
0 0.9461069087241554 0.2961892901618929 0.04021684316691881 0.11806973848069739
0 0.9515885022692889 0.14303860523038606 0.028240040342914774 0.1504109589041096