0 0.12560766515380736 0.8426807980049876 0.06559757942511348 0.1369201995012469
0 0.10318204740292487 0.717793017456359 0.034911749873928394 0.24306733167082295
0 0.1132476046394352 0.5909850374064838 0.02199193141704488 0.22561097256857854
0 0.1312002017145739 0.4874563591022444 0.07181038830055472 0.08244389027431422
0 0.11840141200201715 0.3087032418952619 0.04025214321734745 0.20648379052369076
0 0.11746848209783156 0.17491271820448878 0.08584972264246092 0.11268079800498754
0 0.1931316187594554 0.19013715710723192 0.06845688350983359 0.06270573566084787
0 0.16263237518910742 0.31682044887780547 0.08796268280383258 0.06472568578553616
0 0.18691880988401413 0.47394014962593517 0.04609178013111448 0.06033665835411471
0 0.16194654563792232 0.6274937655860349 0.03565809379727685 0.19763092269326682
0 0.14623298033282905 0.7780174563591022 0.050191628845184064 0.07885286783042394
0 0.166732223903177 0.8539027431421446 0.05391830559757942 0.191284289276808
0 0.21537065052950075 0.8694014962593516 0.07119011598587997 0.13876558603491274
0 0.24009581442259204 0.7898503740648379 0.070196671709531 0.11970074812967581
0 0.20151790216843168 0.6299750623441397 0.06385779122541603 0.09231920199501248
0 0.22102370146243067 0.49053615960099756 0.03876449823499748 0.17460099750623442
0 0.2041906202723147 0.3464713216957606 0.05553706505295007 0.0879426433915212
0 0.23705496722138172 0.19198254364089776 0.06883005547150782 0.18188279301745636
0 0.2941401916288452 0.2136284289276808 0.09256177508825013 0.10478802992518704
0 0.26426122037317196 0.32344139650872816 0.06261724659606657 0.06643391521197008
0 0.2693545133635905 0.44753117206982546 0.04398386283408976 0.11315461346633417
0 0.2668683812405446 0.6239650872817956 0.05044377206253152 0.16293017456359102
0 0.28122037317196164 0.7016832917705735 0.06870398386283409 0.14017456359102246
0 0.2928996469994957 0.8466708229426434 0.03541099344427635 0.13507481296758103
0 0.34079677256681795 0.8885910224438902 0.06659102370146244 0.06658354114713216
0 0.3241452344931921 0.7580548628428928 0.06311649016641452 0.07577306733167083
0 0.32762481089258694 0.6305985037406484 0.03925869894099848 0.11566084788029926
0 0.3516641452344932 0.4458354114713217 0.08957639939485627 0.09502493765586034
0 0.33023197175995966 0.3392643391521197 0.05640443772062531 0.19144638403990025
0 0.3400504286434695 0.21516209476309228 0.049198184568835096 0.08871571072319202
0 0.40142208774583965 0.2243640897755611 0.053671205244578926 0.1317082294264339
0 0.39676752395360565 0.3223690773067332 0.05305093292990419 0.08394014962593516
0 0.38073625819465456 0.5097381546134664 0.01627332324760464 0.188428927680798
0 0.3779425113464448 0.6199875311720698 0.04398386283408976 0.072356608478803
0 0.37663640948058497 0.7518952618453865 0.05752395360564801 0.12081047381546135
0 0.39720121028744326 0.8637032418952619 0.0899495713565305 0.11094763092269327
0 0.4411195158850227 0.7887780548628429 0.034911749873928394 0.14950124688279304
0 0.4613061018658598 0.6216957605985037 0.05317700453857791 0.2133291770573566
0 0.4322339889056984 0.4654862842892768 0.06559757942511348 0.12856608478802992
0 0.4529198184568835 0.3596758104738154 0.03118507312153303 0.10433915211970075
0 0.44875945537065054 0.21316708229426434 0.03801815431164902 0.09649625935162094
0 0.4951033787191124 0.15925187032418953 0.037271810388300554 0.14892768079800497
0 0.49696419566313665 0.3547506234413965 0.033545133635905194 0.14365336658354114
0 0.5126222894604135 0.4929925187032419 0.04945032778618255 0.16968827930174565
0 0.514362077660111 0.6052618453865337 0.04099848714069591 0.20012468827930174
0 0.4839183055975794 0.7964588528678304 0.03975794251134645 0.1648503740648379
0 0.49330307614725166 0.8835286783042394 0.08932929904185577 0.07365336658354114
0 0.5631870902672718 0.8518952618453866 0.06013111447302067 0.17992518703241897
0 0.5551084215834594 0.7288653366583541 0.040504286434694906 0.0808852867830424
0 0.569894099848714 0.6202992518703242 0.0616238023197176 0.09016209476309227
0 0.571880988401412 0.47609725685785537 0.05267776096822995 0.08674563591022443
0 0.5529349470499244 0.31743142144638403 0.034911749873928394 0.12738154613466335
0 0.5746142208774584 0.14957605985037406 0.06212304589006556 0.13879052369077308
0 0.6226374180534544 0.20258104738154614 0.041870902672718105 0.09004987531172069
0 0.6037518910741301 0.29486284289276804 0.03963187090267272 0.12831670822942642
0 0.6295310136157337 0.4504364089775561 0.06758951084215835 0.06775561097256859
0 0.6048058497226424 0.5801995012468828 0.08870902672718103 0.11532418952618453
0 0.6169843671205245 0.7362344139650874 0.06485627836611196 0.0833416458852868
0 0.5925063035804338 0.8701496259351621 0.06311649016641452 0.10541147132169577
0 0.6571759959657085 0.8505112219451372 0.04708522440746344 0.15503740648379052
0 0.6585426122037318 0.7380798004987532 0.03739788199697428 0.11159600997506235
0 0.6613968734241049 0.5751620947630922 0.030685829551185075 0.19889027431421447
0 0.6816490166414524 0.5028179551122195 0.06050428643469491 0.11316708229426435
0 0.6617700453857791 0.31546134663341646 0.053797276853252654 0.14382793017456358
0 0.6692889561270802 0.1931920199501247 0.102375189107413 0.0785785536159601
0 0.7246999495713565 0.16155860349127182 0.030312657589510843 0.10746882793017457
0 0.737125567322239 0.3696508728179551 0.05417044881492688 0.14579800498753118
0 0.7343923348461926 0.5057231920199501 0.04870398386283409 0.15374064837905235
0 0.7003479576399395 0.5968079800498753 0.06013111447302067 0.15865336658354115
0 0.7163136661623802 0.7233416458852868 0.026212808875441248 0.10668329177057356
0 0.7251991931417044 0.8403615960099751 0.08001008572869389 0.1379800498753117
0 0.7812909732728189 0.86142144638404 0.024478063540090772 0.13016209476309226
0 0.7718507312153303 0.7476059850374065 0.08013615733736762 0.06306733167082294
0 0.7735249621785174 0.6135286783042394 0.06982349974785679 0.08061097256857856
0 0.7793645990922844 0.444002493765586 0.03925869894099848 0.22157107231920198
0 0.7845234493192134 0.2984164588528678 0.04584467977811397 0.13184538653366584
0 0.7941502773575391 0.1432793017456359 0.0365254664649521 0.17841645885286783
0 0.8508673726676752 0.22820448877805488 0.0600100857286939 0.18546134663341646
0 0.8340342914775593 0.4108104738154614 0.0462178517397882 0.19124688279301746
0 0.8165758951084215 0.4530548628428928 0.0602571860816944 0.08981296758104738
0 0.8176348966212809 0.5682418952618454 0.06311649016641452 0.16048628428927683
0 0.8176348966212809 0.7371571072319203 0.05814422592032274 0.11589775561097257
0 0.8397478567826525 0.8474189526184539 0.07553706505295008 0.17053615960099752
0 0.8900655572365104 0.8482044887780549 0.08473020675743823 0.10128428927680798
0 0.9566565809379728 0.8377431421446384 0.03603126575895108 0.14811720698254366
0 0.9297629853756935 0.7703241895261845 0.032677760968229955 0.12079800498753117
0 0.8804992435703479 0.7159850374064838 0.03677760968229955 0.14148379052369078
0 0.8732929904185578 0.6152244389027431 0.06112455874936964 0.09935162094763093
0 0.9280837115481594 0.6262967581047382 0.05591023701462431 0.09968827930174563
0 0.9433635905194151 0.47548628428927675 0.06410993444276349 0.16169576059850374
0 0.8972718103883005 0.4496882793017456 0.06385779122541603 0.17642144638403992
0 0.8830458900655572 0.38302992518703244 0.03193141704488149 0.14385286783042395
0 0.9547352496217851 0.38594763092269324 0.04609178013111448 0.12265586034912719
0 0.8960917801311145 0.23652119700748128 0.07516389309127584 0.14810473815461347
0 0.9675794251134645 0.18660847880299253 0.06383257690368128 0.08512468827930174