0 0.09840141200201714 0.1706483790523691 0.04778113968734241 0.09885286783042393
0 0.10822995461422089 0.31652119700748127 0.033156833081190114 0.1437780548628429
0 0.10779122541603631 0.43682044887780547 0.05042864346949067 0.15253117206982544
0 0.12392839132627333 0.5756608478802993 0.06757438224911749 0.09084788029925187
0 0.1100605143721634 0.7335411471321696 0.050932929904185575 0.1950124688279302
0 0.10293998991427131 0.8666209476309227 0.02685325264750378 0.13458852867830423
0 0.17158345940494202 0.860074812967581 0.038830055471507814 0.1289650872817955
0 0.15620272314674735 0.6922443890274314 0.05446293494704992 0.1498004987531172
0 0.16143721633888047 0.6267705735660848 0.04778113968734241 0.11825436408977556
0 0.15387291981845688 0.46019950124688275 0.05786686838124055 0.13695760598503742
0 0.1630105900151286 0.34688279301745634 0.03580433686333838 0.1445137157107232
0 0.17511346444780634 0.21910224438902742 0.033787191124558746 0.11337905236907732
0 0.20827029752899648 0.15273067331670823 0.05874936964195663 0.17521197007481298
0 0.2069490670700958 0.31619700748129675 0.050050428643469494 0.10076059850374065
0 0.23544125063035803 0.4428927680798005 0.05358043368633384 0.11233167082294265
0 0.2363187090267272 0.6259850374064838 0.04147755925365608 0.14475062344139653
0 0.24697428139183056 0.7660972568578553 0.05648008068582955 0.09140897755610973
0 0.2229601613716591 0.8705112219451371 0.050050428643469494 0.09250623441396509
0 0.2760312657589511 0.8420074812967581 0.058119011598588 0.16512468827930177
0 0.26960665658093796 0.7272942643391521 0.07854261220373172 0.06679551122194513
0 0.2736409480584972 0.6049625935162095 0.08055975794251134 0.07462593516209476
0 0.2656328794755421 0.4815586034912718 0.04336863338376198 0.19711970074812968
0 0.2797528996469995 0.3079426433915212 0.026222894604135148 0.1141645885286783
0 0.287821482602118 0.17110972568578553 0.04236006051437216 0.0948004987531172
0 0.3251386787695411 0.18670822942643392 0.04135148764498235 0.1758354114713217
0 0.3218608169440242 0.2901620947630923 0.07110438729198185 0.11835411471321695
0 0.33327281896116995 0.4634788029925187 0.034417549167927386 0.19587281795511222
0 0.3395108421583459 0.5901620947630922 0.029752899646999495 0.0702992518703242
0 0.3214170448814927 0.7397506234413965 0.03794755421079173 0.10420199501246882
0 0.32690368129097325 0.8507107231920199 0.06606152294503277 0.12660847880299253
0 0.40330307614725164 0.8625685785536159 0.031265758951084216 0.12399002493765586
0 0.39069591527987896 0.7350997506234414 0.02924861321230459 0.09839152119700748
0 0.37834089762985373 0.6295885286783043 0.03177004538577912 0.08184538653366584
0 0.397125567322239 0.4890274314214464 0.05421079172970247 0.08241895261845386
0 0.38287947554210794 0.3793142144638404 0.04589006555723651 0.1522069825436409
0 0.38867876954109937 0.17562344139650873 0.04740292486132123 0.0731920199501247
0 0.4343166918809884 0.37885286783042393 0.037821482602118005 0.18119700748129675
0 0.4604135148764498 0.18201995012468827 0.05219364599092285 0.11662094763092269
0 0.4527836611195159 0.4622069825436409 0.04324256177508825 0.07591022443890275
0 0.44868885526979324 0.592493765586035 0.09178013111447302 0.08709476309226932
0 0.46022692889561273 0.7347630922693267 0.09089762985375693 0.1316209476309227
0 0.4486283408976299 0.8794014962593516 0.04752899646999496 0.09032418952618454
0 0.4932576903681291 0.8842269326683292 0.019541099344427635 0.040149625935162095
0 0.4865103378719112 0.794937655860349 0.05648008068582955 0.11586034912718204
0 0.50851235501765 0.5706733167082294 0.021810388300554717 0.1307356608478803
0 0.485249621785174 0.4553491271820449 0.04891578416540595 0.12453865336658354
0 0.5003782148260212 0.34894014962593517 0.03681290973272819 0.22856608478802992
0 0.500690872415532 0.17609725685785535 0.07778618255168936 0.06477556109725686
0 0.5584972264246092 0.16052369077306736 0.04412506303580434 0.1409226932668329
0 0.5702218860312658 0.3574937655860349 0.048411497730711045 0.09609725685785535
0 0.5429904185577408 0.49945137157107233 0.03328290468986384 0.15351620947630923
0 0.5601361573373677 0.6361346633416459 0.02319717599596571 0.14978802992518703
0 0.5376348966212809 0.7441396508728179 0.05685829551185073 0.16134663341645886
0 0.5757690368129097 0.8927930174563591 0.05849722642460918 0.06738154613466334
0 0.621598587997983 0.8413715710723192 0.06543116490166415 0.11649625935162096
0 0.59505799293999 0.7530174563591022 0.049167927382753406 0.05943890274314215
0 0.6284669692385275 0.6541895261845386 0.0680786686838124 0.1606359102244389
0 0.6014271306101866 0.4318329177057356 0.05534543620776601 0.15003740648379052
0 0.6048915784165406 0.29360349127182045 0.037065052950075644 0.13036159600997507
0 0.6164901664145235 0.15956359102244388 0.051689359556227936 0.1252493765586035
0 0.6645234493192134 0.1948004987531172 0.07160867372667676 0.0599002493765586
0 0.6528643469490671 0.4944638403990025 0.053328290468986385 0.08120947630922692
0 0.6488250126071609 0.6809975062344139 0.061396873424104895 0.16436408977556108
0 0.6768784669692385 0.7478678304239401 0.028744326777609682 0.06660847880299252
0 0.6710186585980837 0.8496259351620947 0.06744831064044378 0.10884039900249377
0 0.7178517397881997 0.8415336658354114 0.04261220373171962 0.15670822942643392
0 0.7254160363086233 0.716072319201995 0.04261220373171962 0.09422693266832917
0 0.714952092788704 0.5931296758104738 0.038830055471507814 0.12359102244389028
0 0.7139435199193142 0.4396134663341646 0.0448814926878467 0.1335785536159601
0 0.7237165910237016 0.2990648379052369 0.03517397881996974 0.11634663341645886
0 0.7028492183560262 0.181072319201995 0.06202723146747353 0.11214463840399003
0 0.7582551689359556 0.167356608478803 0.0619011598587998 0.17199501246882792
0 0.777927382753404 0.3578179551122195 0.02281896116994453 0.20144638403990026
0 0.7837871911245587 0.4790523690773067 0.07866868381240545 0.06496259351620948
0 0.7849218356026223 0.8837531172069826 0.078416540595058 0.09293017456359103
0 0.7872516389309127 0.7009725685785535 0.03643469490670701 0.1697506234413965
0 0.7841654059505799 0.5907730673316708 0.07690368129097327 0.08802992518703241
0 0.8412758446797781 0.8667830423940149 0.048411497730711045 0.16231920199501249
0 0.8235653050932931 0.7148379052369077 0.0472768532526475 0.13266832917705737
0 0.8299293998991427 0.5688154613466334 0.03479576399394856 0.13481296758104738
0 0.8432324760463944 0.4265211970074813 0.07854261220373172 0.10740648379052369
0 0.8135400907715582 0.3048254364089776 0.05345436207766011 0.10793017456359102
0 0.826333837619768 0.22096009975062345 0.03794755421079173 0.1794638403990025
0 0.8838880484114977 0.2052493765586035 0.05194150277357539 0.09824189526184539
0 0.9408119011598589 0.1584788029925187 0.04097327281896117 0.14488778054862844
0 0.9500756429652042 0.296571072319202 0.03000504286434695 0.12133416458852868
0 0.9061422087745841 0.3699501246882793 0.04475542107917297 0.10336658354114714
0 0.9486888552697933 0.44228179551122193 0.07060010085728693 0.12604738154613468
0 0.8952344931921331 0.5002493765586035 0.04135148764498235 0.1098503740648379
0 0.8960564800806858 0.5973441396508729 0.03794755421079173 0.21179551122194515
0 0.8700857286938982 0.724650872817955 0.05761472516389309 0.08498753117206982
0 0.8877357539082199 0.8882793017456359 0.03240040342914775 0.06321695760598504
0 0.948814926878467 0.8804862842892768 0.06328794755421079 0.07256857855361597
0 0.9319213313161876 0.7438154613466333 0.07639939485627836 0.09340399002493766
0 0.931482602118003 0.5611845386533666 0.04828542612203732 0.12203241895261846