0 0.11882501260716087 0.1760847880299252 0.08635905194150277 0.10528678304239401
0 0.11693393847705497 0.30326683291770573 0.0359304084720121 0.21390274314214466
0 0.11189107413010589 0.5842518703241896 0.025844679778113968 0.24733167082294266
0 0.13111447302067575 0.47748129675810475 0.0718608169440242 0.07839152119700747
0 0.10779122541603631 0.7360349127182044 0.037821482602118005 0.23678304239401496
0 0.12771053958648512 0.8357481296758105 0.057488653555219364 0.13719451371571073
0 0.16711043872919817 0.8588279301745636 0.054336863338376194 0.17821695760598505
0 0.22119011598587998 0.8677057356608479 0.07198688855269793 0.13864089775561098
0 0.2419314170448815 0.7953990024937655 0.06908724155320221 0.1336284289276808
0 0.14605648008068584 0.7636034912718204 0.055093292990418555 0.07253117206982544
0 0.16275844679778115 0.6227431421446384 0.038830055471507814 0.2046508728179551
0 0.2021583459404942 0.6341022443890274 0.05383257690368129 0.08527431421446384
0 0.22888552697932427 0.5158229426433916 0.033913262733232474 0.13791770573566084
0 0.18973777105395864 0.44880299251870326 0.05042864346949067 0.12326683291770574
0 0.18292990418557742 0.3258478802992518 0.05194150277357539 0.052568578553615956
0 0.20171457387796268 0.3532668329177057 0.06429652042360061 0.11988778054862843
0 0.19295511850731215 0.18950124688279302 0.058119011598588 0.06614713216957606
0 0.23544125063035803 0.19355361596009973 0.07123045890065557 0.18395261845386535
0 0.2879475542107917 0.20539900249376558 0.08799798285426122 0.07300498753117207
0 0.2665758951084216 0.3185286783042394 0.0619011598587998 0.07739401496259352
0 0.27193645990922843 0.4509975062344139 0.04236006051437216 0.1054862842892768
0 0.27098840141200203 0.6308104738154614 0.045259707513867875 0.1606359102244389
0 0.2805748865355522 0.7018827930174564 0.06669188098840141 0.1406733167082294
0 0.2893343419062027 0.8384164588528678 0.04286434694906707 0.147356608478803
0 0.34335854765506807 0.8920199501246883 0.07223903177004538 0.06508728179551122
0 0.32053958648512354 0.7586159600997506 0.05610186585980837 0.07003740648379053
0 0.3299293998991427 0.6272443890274314 0.04236006051437216 0.09899002493765587
0 0.34959657085224405 0.44615960099750623 0.08774583963691376 0.06874064837905237
0 0.3250781643973777 0.3285162094763093 0.04072112960161372 0.16965087281795513
0 0.3416540595057993 0.18933915211970073 0.0416036308623298 0.05385286783042394
0 0.4037468482097831 0.22750623441396509 0.04097327281896117 0.12709476309226933
0 0.39536056480080684 0.325074812967581 0.05068078668683813 0.0705361596009975
0 0.39056984367120523 0.4637780548628429 0.024457892082702975 0.08615960099750623
0 0.3887443267776097 0.5839276807980049 0.03189611699445285 0.12952618453865336
0 0.3785930408472012 0.7542394014962593 0.050932929904185575 0.10824189526184538
0 0.39636913767019666 0.8641271820448877 0.08850226928895613 0.09905236907730673
0 0.44074634392334844 0.7799501246882793 0.030509329299041855 0.1316084788029925
0 0.46394351991931415 0.6175935162094763 0.05421079172970247 0.2118079800498753
0 0.4308522440746344 0.47684538653366587 0.057362581946545636 0.13948877805486284
0 0.4519667170953101 0.3514214463840399 0.03530005042864347 0.09579800498753117
0 0.45045385779122543 0.20492518703241894 0.03832576903681291 0.0895137157107232
0 0.4965960665658094 0.16021197007481297 0.038830055471507814 0.14467581047381547
0 0.4977307110438729 0.33114713216957603 0.038577912254160365 0.08187032418952618
0 0.5155723651033787 0.47700748129675813 0.045259707513867875 0.19901496259351623
0 0.5129853756933939 0.6071571072319202 0.03832576903681291 0.21087281795511223
0 0.48644982349974786 0.7989900249376558 0.04979828542612204 0.17321695760598502
0 0.49388804841149775 0.8834413965087281 0.09392334846192638 0.07288029925187033
0 0.5644225920322743 0.8639775561097256 0.057488653555219364 0.1959850374064838
0 0.5543368633383762 0.7349251870324189 0.028240040342914774 0.09452618453865337
0 0.5693393847705497 0.6119700748129676 0.055723651033787194 0.07617206982543641
0 0.5735653050932931 0.47390274314214464 0.0505547150781644 0.08149625935162094
0 0.5523197175995965 0.31978802992518707 0.04135148764498235 0.09983790523690772
0 0.5732476046394352 0.15100997506234415 0.05597579425113464 0.12877805486284288
0 0.6180030257186082 0.2027431421446384 0.04362077660110943 0.08764339152119702
0 0.604957135653051 0.29562344139650876 0.04072112960161372 0.1263216957605985
0 0.6317448310640443 0.4576932668329177 0.06202723146747353 0.04816708229426434
0 0.6125819465456379 0.5826807980049875 0.06505295007564296 0.1195511221945137
0 0.6183812405446294 0.7389775561097256 0.060514372163388806 0.08392768079800499
0 0.5921583459404942 0.862718204488778 0.06253151790216843 0.12367830423940149
0 0.658910741301059 0.8513466334164588 0.04702471003530005 0.1682418952618454
0 0.6607413010590015 0.7405236907730673 0.03429147755925366 0.11821695760598504
0 0.6618154311649017 0.5742768079800499 0.03517397881996974 0.18001246882793018
0 0.6824256177508825 0.4918079800498753 0.057488653555219364 0.14446384039900248
0 0.6615632879475543 0.3080922693266833 0.059884014120020174 0.1263216957605985
0 0.6700050428643469 0.19619700748129676 0.09720121028744327 0.08203241895261847
0 0.7089662128088755 0.17 0.053328290468986385 0.16481296758104738
0 0.7367019667170953 0.3757107231920199 0.05761472516389309 0.1522942643391521
0 0.7312153303076148 0.5067955112219451 0.0453857791225416 0.16223192019950125
0 0.7034795763993948 0.5870448877805486 0.060514372163388806 0.18562344139650874
0 0.7164649520927887 0.7210473815461347 0.02849218356026223 0.11977556109725686
0 0.7273676248108926 0.8396384039900249 0.08434190620272315 0.1418703241895262
0 0.7718103883005547 0.7367955112219451 0.08119011598587998 0.06087281795511222
0 0.7803832576903681 0.8613216957605985 0.02773575390821987 0.14830423940149626
0 0.7738930912758447 0.6158728179551122 0.08232476046394352 0.08122194513715711
0 0.7782400403429148 0.44477556109725686 0.041099344427634896 0.21768079800498755
0 0.7889561270801816 0.3065211970074813 0.04589006555723651 0.13860349127182045
0 0.791981845688351 0.14197007481296758 0.050932929904185575 0.1530798004987531
0 0.8480837115481593 0.22719451371571073 0.06127080181543117 0.18256857855361594
0 0.8387544125063036 0.39144638403990023 0.05421079172970247 0.14325436408977557
0 0.8144225920322743 0.45972568578553613 0.060514372163388806 0.11296758104738154
0 0.8151790216843167 0.5717705735660847 0.06404437720625315 0.16006234413965087
0 0.8171961674230963 0.7417705735660848 0.0600100857286939 0.12071072319201995
0 0.8366111951588502 0.8446259351620947 0.07463439233484619 0.17678304239401496
0 0.8879878971255674 0.8513466334164588 0.08862834089762986 0.11837905236907731
0 0.8829450327786184 0.717793017456359 0.03819969742813918 0.14546134663341645
0 0.8714069591527988 0.5949750623441397 0.06354009077155824 0.09518703241895263
0 0.9005295007564297 0.44943890274314213 0.06883509833585477 0.17716957605985037
0 0.8831971759959658 0.39521197007481296 0.03265254664649521 0.13600997506234414
0 0.8951084215834594 0.23703241895261845 0.07564296520423601 0.1437655860349127
0 0.9664649520927887 0.19370324189526184 0.06606152294503277 0.08701995012468829
0 0.955940494200706 0.38820448877805486 0.04097327281896117 0.14692019950124688
0 0.9447806354009077 0.4773441396508728 0.05395864851235502 0.18061097256857855
0 0.9287695410993444 0.6219576059850374 0.05471507816439738 0.10335411471321695
0 0.9336863338376198 0.7724937655860349 0.041855774079677256 0.12022443890274315
0 0.9515279878971257 0.844002493765586 0.05231971759959657 0.16306733167082293