0 0.12046370967741936 0.8757481296758105 0.02901209677419355 0.09951371571072319
0 0.10506048387096774 0.7279551122194514 0.03852822580645161 0.09908977556109726
0 0.10954133064516129 0.5714339152119701 0.03852822580645161 0.118428927680798
0 0.10489415322580646 0.4714214463840399 0.039984879032258065 0.14665835411471323
0 0.10775201612903226 0.36321695760598505 0.04211693548387097 0.11628428927680799
0 0.12354334677419355 0.20307980049875313 0.0409929435483871 0.09527431421446383
0 0.1619052419354839 0.22026184538653368 0.03125 0.12962593516209475
0 0.16610887096774193 0.38982543640897754 0.032036290322580645 0.1408229426433915
0 0.19024193548387097 0.45908977556109726 0.050065524193548386 0.09097256857855361
0 0.26258568548387096 0.3706234413965087 0.041895161290322586 0.14507481296758104
0 0.2067389112903226 0.708354114713217 0.031507056451612905 0.12526184538653365
0 0.24822076612903227 0.5012842892768079 0.05663810483870968 0.09233167082294264
0 0.15540826612903225 0.696072319201995 0.03422379032258065 0.1440149625935162
0 0.29515625 0.8684912718204488 0.05793850806451613 0.07674563591022443
0 0.18916330645161292 0.8780548628428928 0.05554939516129032 0.11029925187032419
0 0.23071068548387097 0.22693266832917705 0.027585685483870966 0.11097256857855362
0 0.3395866935483871 0.5649002493765586 0.06254032258064517 0.13948877805486284
0 0.22106854838709677 0.34667082294264334 0.02954133064516129 0.08501246882793018
0 0.3560282258064516 0.3425311720698254 0.04757056451612903 0.1074937655860349
0 0.95703125 0.7277680798004987 0.040468750000000005 0.09127182044887781
0 0.4511743951612903 0.2224064837905237 0.04959173387096774 0.10689526184538654
0 0.9472681451612904 0.5855361596009976 0.03918346774193548 0.11776807980049876
0 0.825453629032258 0.6622568578553616 0.04122983870967742 0.09991271820448877
0 0.43212701612903226 0.41582294264339154 0.03933467741935484 0.11625935162094762
0 0.7705090725806452 0.7277680798004987 0.04001008064516129 0.07821695760598503
0 0.44384576612903226 0.8980922693266833 0.08252016129032258 0.0825935162094763
0 0.6245110887096774 0.28340399002493766 0.03994959677419355 0.11558603491271821
0 0.7895514112903226 0.2391645885286783 0.04867439516129032 0.1599002493765586
0 0.7355191532258064 0.5729675810473815 0.04055947580645161 0.14795511221945137
0 0.49194556451612903 0.4146009975062344 0.03683467741935484 0.12503740648379053
0 0.79296875 0.5794513715710724 0.04016129032258065 0.11069825436408978
0 0.7260735887096774 0.16231920199501249 0.02975302419354839 0.12973815461346633
0 0.9453125 0.8763466334164589 0.04995967741935484 0.07209476309226932
0 0.6227671370967741 0.6993890274314214 0.06019153225806452 0.14012468827930175
0 0.8254284274193548 0.33730673316708226 0.05595262096774194 0.06643391521197008
0 0.4475100806451613 0.5890523690773067 0.07433971774193548 0.07670822942643392
0 0.9461239919354838 0.24796758104738156 0.04492439516129032 0.13428927680798006
0 0.2772782258064516 0.2043142144638404 0.03600806451612903 0.09546134663341646
0 0.7841784274193548 0.874214463840399 0.03210685483870968 0.09024937655860349
0 0.16913306451612903 0.6509226932668328 0.026880040322580644 0.13476309226932667
0 0.23583165322580643 0.8873940149625936 0.03125 0.09885286783042393
0 0.23006048387096775 0.6678428927680798 0.030463709677419355 0.14726932668329176
0 0.2781703629032258 0.4704364089775561 0.03169858870967742 0.06271820448877805
0 0.2821471774193548 0.594426433915212 0.022626008064516128 0.0669077306733167
0 0.27995967741935485 0.7387531172069826 0.04356854838709677 0.12753117206982545
0 0.33658266129032255 0.8688403990024937 0.03247983870967742 0.10826683291770574
0 0.33092741935483866 0.7546882793017456 0.0402116935483871 0.09271820448877806
0 0.3378125 0.47334164588528677 0.03449596774193548 0.09547381546134663
0 0.34627016129032256 0.22482543640897756 0.037298387096774195 0.10274314214463841
0 0.3714717741935484 0.24255610972568578 0.04894657258064516 0.12711970074812967
0 0.3743296370967742 0.3280299251870324 0.04480342741935484 0.051458852867830425
0 0.40013608870967743 0.49923940149625934 0.03365423387096774 0.09084788029925187
0 0.3858014112903226 0.592780548628429 0.036562500000000005 0.08184538653366584
0 0.39608366935483874 0.7370448877805487 0.034692540322580644 0.16076059850374066
0 0.38626512096774196 0.8768079800498754 0.03396673387096774 0.067356608478803
0 0.4337399193548387 0.6965835411471322 0.04768145161290322 0.12092269326683293
0 0.4398185483870968 0.33066084788029926 0.050690524193548386 0.09033665835411471
0 0.5164264112903225 0.19875311720698255 0.04705645161290323 0.08347880299251871
0 0.5138306451612904 0.30731920199501245 0.03251512096774194 0.12337905236907731
0 0.50421875 0.568216957605985 0.04903225806451613 0.1440149625935162
0 0.5139868951612904 0.7236907730673316 0.05858870967741935 0.15664588528678303
0 0.5247883064516129 0.8899127182044888 0.041965725806451616 0.07814214463840399
0 0.5517943548387096 0.8670573566084788 0.03698084677419355 0.11660847880299251
0 0.5486794354838709 0.7595137157107232 0.03490423387096774 0.14370324189526185
0 0.5705997983870967 0.5850623441396509 0.040095766129032255 0.0664214463840399
0 0.5601058467741935 0.495 0.02950100806451613 0.12604738154613468
0 0.5449899193548388 0.36845386533665836 0.04746975806451613 0.12223192019950124
0 0.5422933467741936 0.24049875311720698 0.04040826612903226 0.14385286783042395
0 0.6236290322580645 0.15814214463840398 0.0370866935483871 0.13394014962593517
0 0.6207711693548387 0.4956483790523691 0.036562500000000005 0.07594763092269326
0 0.6051864919354839 0.5645137157107232 0.04861391129032258 0.135785536159601
0 0.6266381048387096 0.8260598503740648 0.059727822580645164 0.1508852867830424
0 0.6637752016129033 0.8826059850374065 0.01869959677419355 0.04440149625935162
0 0.6753578629032259 0.692219451371571 0.05204133064516129 0.12194513715710723
0 0.6607610887096774 0.5816084788029925 0.04342237903225807 0.10418952618453865
0 0.6675151209677419 0.5141396508728179 0.040302419354838706 0.1129426433915212
0 0.6800856854838709 0.3548628428927681 0.0533921370967742 0.15422693266832918
0 0.6694354838709677 0.23061097256857854 0.03313508064516129 0.129214463840399
0 0.7277620967741936 0.36668329177057357 0.040302419354838706 0.14086034912718204
0 0.7485937500000001 0.45634663341645887 0.0543296370967742 0.07973815461346634
0 0.7252721774193549 0.7511720698254365 0.03864415322580645 0.10627182044887781
0 0.7659929435483871 0.47754364089775564 0.04695060483870968 0.060473815461346635
0 0.7767439516129032 0.3628179551122195 0.04207157258064516 0.07149625935162095
0 0.8158014112903226 0.17980049875311718 0.06263608870967742 0.0828927680798005
0 0.8475856854838709 0.48653366583541147 0.050796370967741936 0.16821695760598504
0 0.842444556451613 0.8395760598503741 0.04778225806451613 0.1432917705735661
0 0.8490927419354838 0.7872693266832917 0.05276713709677419 0.14012468827930175
0 0.8947983870967742 0.86 0.027837701612903224 0.09987531172069825
0 0.8913709677419355 0.7715960099750624 0.030957661290322583 0.14475062344139653
0 0.8975000000000001 0.6117955112219452 0.06232862903225806 0.08210723192019949
0 0.8844102822580645 0.47793017456359105 0.03033266129032258 0.07649625935162095
0 0.8989516129032258 0.33943890274314215 0.036149193548387096 0.08218204488778054
0 0.8844102822580645 0.20003740648379054 0.04279737903225806 0.10410224438902743
0 0.9367641129032258 0.32991271820448875 0.03365423387096774 0.07819201995012469
0 0.941491935483871 0.4660847880299252 0.05993951612903226 0.08107231920199501
0 0.7360231854838709 0.8647630922693267 0.060146169354838706 0.12377805486284289