0 0.11228946041351487 0.4221447253705318 0.03294503277861825 0.05924149956408021
0 0.16434190620272315 0.4380209241499564 0.023867876954109933 0.13749782040104622
0 0.129601613716591 0.5242284219703575 0.04112960161371659 0.05804707933740191
0 0.13055471507816438 0.7483696599825632 0.044826021180030255 0.07102877070619006
0 0.11934947049924356 0.6300959023539668 0.044826021180030255 0.050854402789886656
0 0.11015632879475543 0.8238186573670444 0.07127080181543118 0.06543156059285091
0 0.1664145234493192 0.8198517872711422 0.0537922339889057 0.12567567567567567
0 0.17464952092788702 0.7038012205754142 0.036197680282400405 0.0800871839581517
0 0.1608119011598588 0.6114123801220576 0.03810388300554715 0.0698256320836966
0 0.1731366616238023 0.5118308631211858 0.044826021180030255 0.07200523103748911
0 0.28320221886031266 0.6706974716652135 0.054200706001008576 0.08862249346120314
0 0.2310791729702471 0.7221883173496076 0.04223398890569844 0.05251961639058413
0 0.35133635905194155 0.5168526591107236 0.04977307110438729 0.09018308631211856
0 0.2345335350479072 0.7953095030514385 0.077226424609178 0.08986050566695727
0 0.38818456883509833 0.7107933740191804 0.06476046394351992 0.10013949433304271
0 0.5434594049420071 0.6251089799476897 0.04913262733232476 0.10857890148212729
0 0.6235350479072113 0.7021272885789015 0.04052950075642965 0.08823016564952049
0 0.5988401412002017 0.42998256320836964 0.06034291477559253 0.10665213600697472
0 0.5015431164901664 0.5879424585876198 0.019172970247100355 0.10415867480383609
0 0.3344730206757438 0.7990061028770706 0.04904185577407968 0.08948561464690497
0 0.542370146243066 0.44952920662598084 0.045002521432173474 0.07374891020052311
0 0.8335854765506808 0.7894507410636443 0.06183560262228946 0.0996512641673932
0 0.3935552193645991 0.6280993897122928 0.034236006051437215 0.046965998256320834
0 0.9018557740796773 0.8144202266782912 0.04031265758951084 0.13811682650392326
0 0.78148764498235 0.8458587619877943 0.0637720625315179 0.09164777680906713
0 0.768618255168936 0.6105579773321709 0.05145738779626828 0.09605928509154316
0 0.9443368633383762 0.8006974716652135 0.055723651033787194 0.09265039232781168
0 0.5702874432677761 0.8469485614646906 0.062425617750882505 0.09290322580645162
0 0.2730206757438225 0.4259546643417611 0.054276348966212806 0.08996512641673932
0 0.9529500756429652 0.6675501307759372 0.031205244578920828 0.09386224934612031
0 0.4411598587997983 0.8264428945074106 0.047942511346444776 0.052737576285963386
0 0.8339838628340898 0.517898866608544 0.039122541603630864 0.06727114210985179
0 0.7280282400403429 0.816312118570183 0.0281089258698941 0.059197907585004365
0 0.7320070600100856 0.43043591979075846 0.0478719112455875 0.06897122929380994
0 0.454256177508825 0.7286573670444638 0.04229450327786183 0.08513513513513514
0 0.9370095814422592 0.4303138622493461 0.02427634896621281 0.13380122057541413
0 0.4511245587493697 0.4505056669572799 0.05733736762481089 0.11025283347863993
0 0.7163086232980334 0.5571490845684394 0.041230458900655576 0.09476024411508283
0 0.2259203227433182 0.449843068875327 0.031603630862329805 0.08751525719267654
0 0.22614220877458396 0.5280209241499564 0.04549672213817448 0.10292938099389712
0 0.22395864851235503 0.6162598081952921 0.02274836106908724 0.14149956408020925
0 0.2769641956631367 0.8279860505666957 0.026560766515380738 0.047419354838709675
0 0.28587493696419564 0.7174716652136007 0.05513363590519415 0.06501307759372275
0 0.28520423600605144 0.5513600697471664 0.03047907211296016 0.11242371403661726
0 0.33400403429147757 0.4280645161290323 0.040453857791225414 0.07035745422842198
0 0.3913262733232476 0.5417698343504794 0.08001512859304084 0.07155187445510025
0 0.40253151790216846 0.4354141238012206 0.05759959657085224 0.04510026155187445
0 0.3428593040847201 0.6265126416739321 0.06936964195663137 0.04562336530078465
0 0.3336712052445789 0.7188142981691369 0.028577912254160363 0.06555361813426329
0 0.3923348461926374 0.8055100261551874 0.057377710539586485 0.06910200523103749
0 0.44752395360564806 0.6387271142109852 0.03059505799293999 0.08107236268526591
0 0.4527937468482098 0.5486486486486486 0.035970751386787694 0.0791020052310375
0 0.5070902672718104 0.42503923278116823 0.029586485123550176 0.13091543156059285
0 0.5043419062027231 0.5149433304272014 0.05815935451336359 0.053522231909328685
0 0.5147100353000504 0.7280209241499563 0.03765506807866868 0.03939843068875327
0 0.5098335854765507 0.8252659110723627 0.049198184568835096 0.04509154315605928
0 0.6167423096318709 0.8661464690496948 0.03731719616742309 0.0989537925021796
0 0.646439737771054 0.47793374019180473 0.05009077155824508 0.09332170880557977
0 0.5989258698940999 0.5691804707933741 0.044715078164397376 0.10003487358326067
0 0.560095814422592 0.7001307759372275 0.031825516893595564 0.10937227550130776
0 0.6093444276348966 0.6302964254577158 0.02297528996469995 0.03786399302528335
0 0.6555723651033787 0.8109415867480383 0.056031265758951086 0.0815082824760244
0 0.658709026727181 0.7416739319965127 0.040791729702471004 0.07251961639058414
0 0.6812355017650026 0.6141238012205754 0.060736258194654565 0.09539668700959024
0 0.6573676248108926 0.5539755884917175 0.05065052950075643 0.11300784655623365
0 0.7463439233484619 0.6244899738448125 0.0537922339889057 0.05723626852659111
0 0.7115481593545133 0.7285091543156059 0.04605648008068583 0.062301656495204874
0 0.7678063540090772 0.7074978204010463 0.044039334341906204 0.11789014821272886
0 0.7666817952597075 0.5333391455972101 0.03731719616742309 0.056887532693984305
0 0.7713363590519414 0.42777680906713167 0.0419112455874937 0.13486486486486488
0 0.8163287947554211 0.46544899738448126 0.044715078164397376 0.08469921534437665
0 0.8761674230963188 0.6321360069747166 0.06577912254160363 0.08648648648648649
0 0.8340897629853757 0.6261290322580645 0.020842158345940495 0.029354838709677422
0 0.8396369137670197 0.7007061900610289 0.04202218860312658 0.07388840453356582
0 0.8948865355521937 0.7184394071490845 0.056142208774583965 0.043705318221447256
0 0.88059505799294 0.5114559721011334 0.031825516893595564 0.10699215344376635
0 0.893761976802824 0.4386050566695728 0.044936964195663134 0.11929380993897123
0 0.9543318204740293 0.5667480383609416 0.043928391326273325 0.09077593722755013
0 0.9368532526475037 0.708561464690497 0.026893595562279375 0.07508282476024412
0 0.5509783156833081 0.5662859633827375 0.047428139183055974 0.10143853530950304