0 0.11030257186081693 0.40250452079566007 0.0340191628845184 0.07932188065099458
0 0.18886535552193645 0.40985533453887885 0.020948058497226425 0.13471971066907776
0 0.12963187090267272 0.5616907775768536 0.04620272314674735 0.04282097649186257
0 0.19445789208270298 0.5433363471971067 0.06368129097327282 0.0694122965641953
0 0.11535552193645991 0.7209041591320072 0.04791225416036309 0.05610307414104882
0 0.1203076147251639 0.8913110307414105 0.03925869894099848 0.07592224231464738
0 0.20671709531013616 0.8459312839059675 0.034120020171457384 0.09367088607594937
0 0.18798285426122036 0.7003345388788427 0.03683308119011599 0.06468354430379747
0 0.2842460917801311 0.43708860759493673 0.046737266767523954 0.10693490054249548
0 0.279112455874937 0.5422965641952984 0.04817448310640444 0.09896021699819169
0 0.28021180030257187 0.695 0.06489662128088754 0.08339059674502713
0 0.27768532526475037 0.8448372513562387 0.06993948562783661 0.05756781193490054
0 0.3580988401412002 0.8580650994575045 0.05936459909228442 0.13296564195298372
0 0.3650226928895613 0.7338245931283907 0.04673222390317701 0.0875858951175407
0 0.3622945032778618 0.5809312839059675 0.029319213313161875 0.126500904159132
0 0.35610186585980835 0.4061754068716094 0.04800806858295512 0.09798372513562387
0 0.4453958648512355 0.41037070524412295 0.038350983358547655 0.07019891500904159
0 0.4575995965708522 0.5508860759493671 0.05428643469490671 0.09128390596745027
0 0.42460917801311143 0.7237070524412296 0.05245083207261725 0.1033001808318264
0 0.454947049924357 0.8613924050632912 0.08539082198688856 0.04547920433996383
0 0.5323852748361069 0.8418173598553345 0.03961674230963187 0.10125678119349005
0 0.6143923348461926 0.8656419529837251 0.03363086232980333 0.04492766726943942
0 0.6097881996974281 0.7181735985533454 0.08022692889561271 0.05108499095840868
0 0.5324256177508825 0.7224502712477395 0.04745839636913767 0.07191681735985533
0 0.7052244074634393 0.8623598553345388 0.06525970751386788 0.12652802893309223
0 0.7822087745839637 0.8858499095840868 0.035168935955622795 0.06726943942133816
0 0.8475542107917298 0.8874050632911392 0.044679778113968734 0.09524412296564196
0 0.9493847705496723 0.8763381555153708 0.04300050428643469 0.059547920433996385
0 0.9297428139183056 0.7355967450271248 0.05161875945537065 0.08179023508137431
0 0.8672516389309127 0.7339602169981917 0.04815431164901664 0.09350813743218807
0 0.772471003530005 0.7294303797468354 0.039778113968734236 0.0918625678119349
0 0.6956631366616238 0.6960940325497288 0.053711548159354514 0.08105786618444846
0 0.5306051437216339 0.5753978300180832 0.08037821482602117 0.09025316455696202
0 0.6091326273323248 0.5606871609403254 0.040756429652042354 0.04758589511754069
0 0.6908724155320222 0.5735804701627486 0.049167927382753406 0.0577124773960217
0 0.775350479072113 0.5863562386980108 0.05170953101361574 0.09772151898734177
0 0.8692738275340394 0.5766998191681736 0.05674735249621785 0.07407775768535263
0 0.9699344427634897 0.6078300180831826 0.06013615733736762 0.1079746835443038
0 0.5403277861825517 0.4131826401446655 0.06199697428139183 0.044168173598553344
0 0.6191830559757943 0.3996021699819168 0.07094301563287948 0.10503616636528029
0 0.6999344427634897 0.4095569620253165 0.036086737266767525 0.13939421338155514
0 0.7745688350983359 0.4128300180831826 0.04384266263237519 0.09546112115732369
0 0.875345436207766 0.4184086799276673 0.05844175491679274 0.10887884267631104
0 0.9365052950075643 0.44350813743218803 0.06092284417549168 0.12346292947558771