0 0.1259707513867877 0.6460149439601495 0.05094301563287947 0.1513200498132005
0 0.12305597579425114 0.8007347447073475 0.04917297024710036 0.10490660024906599
0 0.0980887544125063 0.3822291407222914 0.045874936964195666 0.09679950186799502
0 0.1079122541603631 0.2030884184308842 0.03586485123550177 0.0764134495641345
0 0.18212808875441253 0.833810709838107 0.03994957135653051 0.09571606475716064
0 0.28735249621785175 0.8097011207970113 0.0408320726172466 0.1272851805728518
0 0.20422592032274334 0.613760896637609 0.05282400403429148 0.09254047322540473
0 0.37792738275340393 0.7795516811955169 0.04913262733232476 0.12661270236612704
0 0.9252950075642965 0.8060772104607721 0.04751386787695411 0.08599003735990036
0 0.28100353000504286 0.5971731008717309 0.03216338880484115 0.13481942714819428
0 0.192869389813414 0.16775840597758407 0.0316137165910237 0.11138231631382316
0 0.35970247100353 0.5848194271481942 0.05524962178517398 0.1012079701120797
0 0.8530257186081694 0.8060772104607721 0.04037317196167423 0.07562889165628892
0 0.45141704488149265 0.8102988792029887 0.057584467977811395 0.07792029887920299
0 0.2719717599596571 0.2049813200498132 0.02903681290973273 0.1350560398505604
0 0.28320221886031266 0.3942963885429639 0.02870398386283409 0.05927770859277709
0 0.1972667675239536 0.36957658779576585 0.02346949067070096 0.10354919053549191
0 0.6351840645486636 0.7928144458281444 0.05263741805345436 0.09374844333748443
0 0.45483610690872417 0.1787546699875467 0.03265254664649521 0.09970112079701121
0 0.7875995965708522 0.8247696139476961 0.03775088250126071 0.1381444582814446
0 0.3615733736762481 0.1849439601494396 0.02924861321230459 0.0815442092154421
0 0.535642965204236 0.8097011207970113 0.021331316187594554 0.12683686176836861
0 0.5131820474029248 0.5884308841843088 0.04648008068582955 0.1061145703611457
0 0.7773424104891579 0.569439601494396 0.04351991931417045 0.14220423412204233
0 0.5917952597075139 0.6867123287671232 0.060852244074634396 0.14567870485678705
0 0.8564447806354009 0.5787920298879202 0.03527987897125567 0.11454545454545455
0 0.6359304084720121 0.4334869240348692 0.05447806354009077 0.151706102117061
0 0.4506858295511851 0.40032378580323785 0.03500252143217347 0.0840348692403487
0 0.5468734241048916 0.2349813200498132 0.04950075642965204 0.16262764632627646
0 0.8608421583459405 0.36686176836861767 0.028335854765506808 0.12547945205479452
0 0.7011699445284922 0.1793648816936488 0.03802319717599597 0.09646326276463262
0 0.9418961169944529 0.6007347447073474 0.03143217347453353 0.1276338729763387
0 0.36181543116490167 0.4042465753424658 0.02685325264750378 0.05950186799501868
0 0.9384770549672213 0.22508094645080948 0.04184064548663641 0.15089663760896638
0 0.6904286434694906 0.36535491905354917 0.03390317700453858 0.12547945205479452
0 0.7807614725163893 0.20529265255292653 0.04232980332829047 0.08809464508094644
0 0.6695713565305094 0.6016936488169365 0.05465456379223399 0.09066002490660025
0 0.5327130610186586 0.40515566625155663 0.032228946041351486 0.05328767123287671
0 0.7693746848209784 0.3870610211706102 0.050287443267776094 0.09043586550435866
0 0.6308572869389814 0.15765877957658778 0.05349974785678265 0.19247820672478208
0 0.9482400403429148 0.4045454545454546 0.025864851235501765 0.05286425902864259
0 0.45476550680786687 0.6191033623910336 0.06374684820978316 0.10500622665006226
0 0.6802824004034291 0.8109215442092154 0.0448613212304589 0.10317559153175591
0 0.8513010590015129 0.22075965130759653 0.034851235501765 0.08173100871731008