0 0.12101865859808371 0.4377399103139013 0.03875945537065053 0.07484304932735426
0 0.11838124054462935 0.5653991031390134 0.07703479576399394 0.05900448430493274
0 0.2022995461422088 0.4290403587443946 0.05466464952092789 0.08069058295964125
0 0.18138174483106403 0.5612645739910314 0.05686838124054463 0.05074439461883408
0 0.1000504286434695 0.7083139013452915 0.03747352496217852 0.14839461883408073
0 0.187327281896117 0.7147354260089686 0.04650025214321735 0.045210762331838565
0 0.12457387796268281 0.8817757847533632 0.07755925365607666 0.07005381165919282
0 0.1869894099848714 0.8594170403587444 0.07179525970751387 0.05310313901345291
0 0.2739233484619264 0.7168609865470852 0.039490670700958144 0.05753363228699552
0 0.2924810892586989 0.4103139013452915 0.05398386283408976 0.06431390134529147
0 0.28296016137165914 0.5753094170403588 0.044523449319213315 0.05861883408071749
0 0.2685526979324256 0.8436502242152466 0.03540090771558245 0.05134529147982063
0 0.6186535552193646 0.8601434977578475 0.06323247604639436 0.14089686098654708
0 0.5175794251134644 0.7285829596412556 0.045259707513867875 0.09340807174887893
0 0.9477559253656077 0.711219730941704 0.04553202218860313 0.053139013452914795
0 0.3581543116490167 0.8423408071748879 0.04147251638930913 0.09780269058295964
0 0.6150731215330308 0.5737219730941704 0.029621785173978822 0.12697757847533633
0 0.5390620272314675 0.893578475336323 0.05655068078668684 0.08157847533632287
0 0.7788098840141201 0.7138206278026905 0.03964195663136662 0.07115695067264574
0 0.36328290468986385 0.7099103139013453 0.03738275340393343 0.05883408071748879
0 0.44726676752395356 0.7042690582959641 0.05023197175995966 0.07261883408071748
0 0.44677760968229957 0.5362331838565022 0.043610690872415536 0.10111210762331838
0 0.920408472012103 0.8631838565022422 0.04248108925869894 0.05182959641255605
0 0.7885728693898134 0.586170403587444 0.04831064044377206 0.08624215246636771
0 0.9536157337367624 0.40424215246636774 0.050902672718103885 0.07875336322869955
0 0.6967776096822995 0.7216412556053812 0.04840141200201715 0.04328251121076233
0 0.8544931921331317 0.8623139013452915 0.029203227433182044 0.13319282511210762
0 0.7836913767019666 0.8731748878923767 0.051543116490166414 0.12060089686098655
0 0.5439435199193142 0.4118385650224215 0.051543116490166414 0.09308520179372198
0 0.6904286434694906 0.8601434977578475 0.028930912758446798 0.08200896860986547
0 0.9306656580937973 0.5683677130044843 0.042723146747352496 0.03622421524663677
0 0.446535552193646 0.3957757847533632 0.03289964699949571 0.07224215246636771
0 0.7026374180534544 0.40337219730941704 0.04178013111447302 0.10529147982062781
0 0.6977559253656077 0.5900717488789238 0.04345940494200706 0.10452914798206278
0 0.4423852748361069 0.8393004484304933 0.03628340897629854 0.09639461883408072
0 0.3737771053958649 0.5483946188340808 0.03839132627332324 0.07288789237668161
0 0.5302723146747352 0.5392735426008969 0.02670196671709531 0.10111210762331838
0 0.8530257186081694 0.4103139013452915 0.053711548159354514 0.06968609865470853
0 0.8515632879475542 0.7220717488789238 0.03540090771558245 0.06404484304932735
0 0.8525365607665153 0.5466547085201794 0.051850731215330306 0.08173991031390135
0 0.6230458900655572 0.407713004484305 0.04327281896116995 0.06491479820627802
0 0.38396369137670194 0.4114439461883408 0.055370650529500756 0.05065470852017937
0 0.6127836611195159 0.6902152466367714 0.04060010085728694 0.10971300448430493
0 0.7825315179021685 0.41989237668161433 0.036520423600605145 0.12953363228699552