0 0.10961209068010076 0.4588031222896791 0.032664987405541565 0.08241977450130096
0 0.1256624685138539 0.5811188204683434 0.05094206549118388 0.06438855160450997
0 0.11641813602015114 0.7085169124024284 0.05503274559193955 0.08376409366869036
0 0.11280604534005037 0.8648742411101474 0.0809773299748111 0.05947094535993061
0 0.1849168765743073 0.5839028620988725 0.05405541561712846 0.07562879444926279
0 0.19372795969773302 0.8666782307025152 0.03897229219143577 0.09262792714657415
0 0.2773803526448363 0.618482220294883 0.03862468513853904 0.0835385949696444
0 0.47021662468513853 0.577510841283608 0.05014105793450881 0.05311361665221162
0 0.2110579345088161 0.7431136166522115 0.047788413098236775 0.06178664353859496
0 0.2839345088161209 0.7262966175195142 0.035551637279596975 0.047866435385949695
0 0.3513198992443325 0.5720468343451866 0.034544080604534004 0.09972246313963573
0 0.6020503778337531 0.5821335646140503 0.04302770780856423 0.05568950563746747
0 0.2832040302267002 0.8961058109280139 0.05212594458438287 0.08300954032957501
0 0.3676977329974811 0.4369384215091067 0.08165239294710328 0.057007805724197745
0 0.5398639798488666 0.8692020815264527 0.062030226700251885 0.0483868169991327
0 0.36686649874055416 0.8708846487424111 0.08704282115869018 0.06771899392888117
0 0.5195314861460957 0.7052818733738075 0.05593954659949622 0.09735472679965308
0 0.587889168765743 0.7241977450130095 0.04559193954659949 0.07707718993928882
0 0.5429672544080605 0.41610581092801385 0.07122921914357681 0.08663486556808327
0 0.44873047858942067 0.7494189071986124 0.046020151133501254 0.06735472679965307
0 0.7763677581863979 0.7300780572419774 0.03854408060453401 0.08211621856027754
0 0.8823224181360202 0.5947441457068517 0.05877581863979849 0.057953165654813524
0 0.6313501259445844 0.9036686903729402 0.046110831234256924 0.08632263660017346
0 0.4707052896725441 0.8439895923677363 0.06866498740554157 0.08778837814397225
0 0.9467758186397984 0.6140763226366002 0.06561209068010077 0.08826539462272333
0 0.7163073047858941 0.6140763226366002 0.04535012594458438 0.07675628794449263
0 0.3706045340050378 0.724614050303556 0.05014105793450881 0.12063313096270599
0 0.793455919395466 0.588438855160451 0.06561209068010077 0.059739809193408495
0 0.938478589420655 0.7746313963573287 0.05166750629722922 0.08584562012142238
0 0.45092695214105794 0.43488291413703384 0.043516372795969774 0.14261925411968776
0 0.9453148614609572 0.8759323503902863 0.07708816120906802 0.05516912402428448
0 0.8608413098236776 0.6935125758889853 0.06994458438287154 0.08895056374674762
0 0.6181813602015113 0.43502168256721596 0.0514911838790932 0.1322896790980052
0 0.28027204030226704 0.43754553339115354 0.06768765743073049 0.1385949696444059
0 0.8715818639798488 0.45646140503035554 0.06597984886649874 0.07271465741543799
0 0.1930226700251889 0.47581092801387687 0.08798992443324936 0.11933217692974848
0 0.9609370277078085 0.443009540329575 0.05193954659949622 0.06967042497831744
0 0.7599647355163728 0.8469297484822202 0.057869017632241816 0.12640936686903728
0 0.8637682619647354 0.8742497831743279 0.051178841309823676 0.12304423243712057
0 0.7871083123425693 0.4459496964440589 0.046906801007556675 0.12441457068516912
0 0.6914811083123426 0.8433564614050303 0.04412090680100755 0.10293148308759757
0 0.6796120906801008 0.44471812662619253 0.0501360201511335 0.06068516912402428
0 0.5387304785894207 0.6055507372072854 0.052267002518891686 0.13086730268863833
0 0.6795365239294711 0.7369297484822203 0.04924433249370277 0.10741543798785776