0 0.11459909228441754 0.15551122194513717 0.0670700958144226 0.09531172069825436
0 0.11932929904185577 0.44910224438902746 0.05131114473020676 0.15881546134663344
0 0.12884518406454867 0.5946758104738155 0.06984367120524458 0.09244389027431421
0 0.13262733232476046 0.8228054862842893 0.08245083207261725 0.1269201995012469
0 0.22125567322239031 0.7796633416458852 0.08572869389813415 0.1682294264339152
0 0.18060010085728695 0.5678802992518703 0.054841149773071106 0.14603491271820448
0 0.18595562279374686 0.34547381546134664 0.05547150781643974 0.12923940149625937
0 0.18935955622793746 0.20445137157107232 0.05370650529500756 0.11213216957605986
0 0.26216338880484114 0.213640897755611 0.055597579425113466 0.12117206982543642
0 0.2757186081694402 0.4388403990024938 0.06858295511850732 0.15472568578553617
0 0.2873171961674231 0.5741147132169576 0.049420070600100854 0.23330423940149628
0 0.2884518406454866 0.7958478802992518 0.04967221381744831 0.10105985037406484
0 0.3543872919818457 0.7991521197007481 0.06454866364094806 0.2570573566084788
0 0.3866616238023197 0.5871820448877806 0.07766011094301563 0.10453865336658355
0 0.3670600100857287 0.34064837905236905 0.08282904689863843 0.1663216957605985
0 0.36592536560766514 0.15644638403990024 0.04223398890569844 0.15329177057356608
0 0.4620524457892083 0.21069825436408976 0.06303580433686334 0.12473815461346634
0 0.4711296016137166 0.3966084788029925 0.050932929904185575 0.0926932668329177
0 0.44036812909732725 0.6331670822942643 0.08119011598587998 0.09961346633416458
0 0.4487544125063036 0.8315586034912718 0.05030257186081694 0.1174438902743142
0 0.530700958144226 0.7875935162094763 0.03769541099344428 0.12506234413965087
0 0.5388300554715079 0.5808104738154614 0.06833081190115986 0.1669201995012469
0 0.5459556227937469 0.46502493765586034 0.06038830055471508 0.13977556109725686
0 0.5434947049924357 0.21880299251870322 0.08169440242057488 0.1459351620947631
0 0.6331971759959658 0.1647007481296758 0.05231971759959657 0.21655860349127182
0 0.6195763993948562 0.3725935162094763 0.05030257186081694 0.11488778054862843
0 0.6409480584972265 0.6298877805486285 0.06404437720625315 0.08396508728179551
0 0.6322491174987392 0.8087780548628428 0.0794251134644478 0.13003740648379053
0 0.7168431669188099 0.7798254364089775 0.05143721633888049 0.17103491271820448
0 0.68476046394352 0.6211596009975062 0.07728189611699446 0.15377805486284288
0 0.7000151285930409 0.40658354114713213 0.07627332324760464 0.13508728179551122
0 0.697428139183056 0.21192019950124688 0.0751386787695411 0.11462593516209477
0 0.7689762985375694 0.1620573566084788 0.04904185577407968 0.13957605985037405
0 0.8005547150781644 0.4121695760598504 0.05547150781643974 0.15041147132169574
0 0.7842309631870903 0.5823690773067332 0.05685829551185073 0.14511221945137157
0 0.7927382753403933 0.7766832917705735 0.06505295007564296 0.15933915211970076
0 0.8608169440242057 0.7798254364089775 0.049924357034795766 0.18350374064837904
0 0.8679425113464448 0.6317705735660848 0.06820474029248613 0.09930174563591022
0 0.8533787191124559 0.38992518703241896 0.04311649016641452 0.271284289276808
0 0.8348461926374181 0.166284289276808 0.09379727685325265 0.19796758104738155
0 0.9419415027735754 0.2066209476309227 0.041981845688350984 0.1351995012468828
0 0.9360211800302572 0.3693391521197007 0.05307614725163893 0.17527431421446382
0 0.9503277861825516 0.5790773067331672 0.05345436207766011 0.1257356608478803
0 0.92089258698941 0.7997506234413965 0.06290973272818962 0.10572319201995013