0 0.11384266263237519 0.20461346633416458 0.048663640948058494 0.09638403990024938
0 0.116238023197176 0.4394638403990025 0.049924357034795766 0.13478802992518701
0 0.11958144225920322 0.6281795511221945 0.04626828038325769 0.11582294264339152
0 0.18334846192637416 0.39357855361596006 0.047700453857791224 0.07345386533665835
0 0.20398386283408976 0.6154862842892768 0.06746848209783156 0.08682044887780548
0 0.3693847705496722 0.5695511221945136 0.03833081190115986 0.12774314214463842
0 0.28149268784669695 0.5638154613466334 0.026807866868381238 0.12887780548628427
0 0.1910388300554715 0.7823316708229425 0.045441250630358046 0.15105985037406486
0 0.5473625819465456 0.619351620947631 0.05560262228946042 0.10639650872817955
0 0.29443267776096826 0.7913965087281796 0.056333837619768026 0.0912219451371571
0 0.6113262733232476 0.5731670822942644 0.041230458900655576 0.1448004987531172
0 0.4528794755421079 0.4056608478802992 0.03241048915784165 0.17642144638403992
0 0.3771961674230963 0.7835411471321696 0.047241553202218865 0.12887780548628427
0 0.5966817952597075 0.8433042394014963 0.07574382249117498 0.12216957605985038
0 0.45458900655572365 0.16736907730673314 0.04037317196167423 0.13522443890274313
0 0.7822289460413515 0.4047506234413965 0.04577407967725668 0.13876558603491274
0 0.5341805345436208 0.8324438902743142 0.03494200706001009 0.12352867830423939
0 0.3635249621785174 0.3682294264339152 0.03482097831568331 0.12329177057356608
0 0.8657236510337872 0.38452618453865334 0.05175995965708523 0.09749376558603491
0 0.9384770549672213 0.6253865336658354 0.06952092788703984 0.07952618453865337
0 0.10338880484114978 0.7823316708229425 0.0713968734241049 0.12420199501246883
0 0.30321230458900655 0.19218204488778054 0.0540393343419062 0.061122194513715714
0 0.7778315683308119 0.6096882793017456 0.037049924357034796 0.0808852867830424
0 0.5380837115481594 0.2030423940149626 0.05481089258698941 0.13629675810473815
0 0.7026374180534544 0.6392643391521198 0.041321230458900654 0.1074563591022444
0 0.7592788703983864 0.7859600997506235 0.04629349470499244 0.11748129675810473
0 0.6186535552193646 0.3805985037406484 0.030272314674735252 0.11816708229426433
0 0.8505849722642461 0.6296134663341646 0.06891074130105901 0.0738778054862843
0 0.6127937468482099 0.18184538653366583 0.041079172970247095 0.12081047381546135
0 0.8627937468482099 0.15604738154613468 0.037962682803832574 0.13982543640897754
0 0.9511699445284922 0.808291770573566 0.07226424609178014 0.17294264339152118
0 0.28403429147755926 0.3465336658354115 0.04227937468482098 0.10556109725685785
0 0.9379878971255673 0.36219451371571076 0.029480584972264245 0.13347880299251869
0 0.8662128088754413 0.8131172069825436 0.030852244074634393 0.15558603491271822
0 0.7895511850731216 0.19271820448877805 0.042970247100353 0.0720573566084788
0 0.182178517397882 0.16564837905236907 0.062440746343923346 0.09187032418952619
0 0.3786636409480585 0.20221945137157107 0.05014120020171458 0.058142144638403996
0 0.696928895612708 0.166571072319202 0.054079677256681793 0.14028678304239403
0 0.4489762985375694 0.8105860349127182 0.05664145234493192 0.21314214463840397
0 0.44263741805345436 0.5691271820448878 0.06656580937972768 0.13731920199501246
0 0.5311396873424105 0.39659600997506234 0.03479576399394856 0.07561097256857856
0 0.6850731215330308 0.3863216957605985 0.05269793242561775 0.16312967581047383
0 0.6952849218356026 0.7995885286783042 0.030257186081694403 0.1147630922693267
0 0.9438981341401916 0.22316708229426432 0.03832576903681291 0.1309850374064838