0 0.10417549167927384 0.13836018957345972 0.05472012102874433 0.10659715639810426
0 0.13671709531013618 0.2858862559241706 0.047241553202218865 0.06963981042654029
0 0.20544629349470497 0.166 0.038603126575895104 0.07881516587677725
0 0.359203227433182 0.1474218009478673 0.061427130610186585 0.08490047393364929
0 0.10705496722138175 0.42723222748815165 0.03384266263237519 0.10709004739336493
0 0.45605648008068583 0.1602654028436019 0.05771053958648512 0.12240758293838862
0 0.21496722138174482 0.27464454976303315 0.04779122541603631 0.0836872037914692
0 0.622072617246596 0.1766729857819905 0.07739283913262733 0.14180094786729858
0 0.5322289460413515 0.1786255924170616 0.057281896116994455 0.1591184834123223
0 0.34086232980332826 0.27383886255924167 0.05875441250630358 0.09692890995260664
0 0.2804740292486132 0.18786729857819903 0.04637922339889057 0.09856872037914692
0 0.21056984367120524 0.42401895734597156 0.06198184568835098 0.08289099526066351
0 0.6201159858799798 0.42080568720379147 0.03265254664649521 0.12837914691943128
0 0.45043872919818456 0.6103222748815166 0.047700453857791224 0.08289099526066351
0 0.29608673726676754 0.47354502369668244 0.0872869389813414 0.0638388625592417
0 0.2902824004034291 0.6364834123222749 0.04510337871911246 0.08896682464454976
0 0.45190620272314674 0.3466919431279621 0.04913262733232476 0.11398104265402843
0 0.12359556227937468 0.5805023696682464 0.047881996974281395 0.13697630331753555
0 0.9653303076147252 0.6314312796208531 0.05737266767523953 0.09011374407582938
0 0.9584972264246092 0.47908056872037913 0.047332324760463944 0.07353554502369668
0 0.8686535552193646 0.4772511848341232 0.03994957135653051 0.09619905213270141
0 0.360393343419062 0.3985497630331754 0.038719112455874935 0.1513175355450237
0 0.9672869389813414 0.28841706161137437 0.05987392839132628 0.07778199052132702
0 0.37471507816439736 0.6039052132701422 0.09360060514372164 0.10984834123222749
0 0.5297831568330812 0.4485687203791469 0.046999495713565306 0.11127962085308057
0 0.6943368633383762 0.5001895734597157 0.05252143217347453 0.11930805687203792
0 0.5952143217347453 0.29736492890995264 0.03091275844679778 0.059545023696682464
0 0.6103530005042864 0.66539336492891 0.03839132627332324 0.15601895734597157
0 0.8100605143721633 0.4687582938388626 0.055723651033787194 0.04769668246445498
0 0.6909178013111447 0.3076872037914692 0.03811396873424105 0.10376303317535544
0 0.4597175995965709 0.48505213270142183 0.043610690872415536 0.13434123222748814
0 0.7966717095310136 0.5915071090047394 0.05507816439737771 0.09218009478672985
0 0.8740242057488654 0.10646445497630332 0.0864851235501765 0.15934597156398106
0 0.5195310136157337 0.6185876777251185 0.04760968229954614 0.06545023696682464
0 0.8027332324760463 0.3313175355450237 0.07666162380231972 0.09671090047393364
0 0.6719011598587998 0.610265402843602 0.06267776096822995 0.06917535545023697
0 0.7777458396369138 0.17736492890995262 0.07903177004538578 0.1116872037914692
0 0.700196671709531 0.16818009478672988 0.04113968734241049 0.16199052132701422
0 0.8552697932425618 0.32259715639810427 0.09344931921331316 0.06556398104265403
0 0.8409631870902673 0.6190805687203791 0.06633383761976802 0.08355450236966826
0 0.5083005547150782 0.35954502369668245 0.05243066061522945 0.10646445497630332
0 0.22121533030761473 0.5893649289099526 0.08534543620776601 0.11841706161137441
0 0.2639788199697428 0.2769857819905214 0.05210791729702471 0.09384834123222749
0 0.9403731719616742 0.13700473933649288 0.056167423096318704 0.08233175355450237