0 0.10892586989409984 0.6420944558521561 0.08850226928895613 0.10811088295687885
0 0.12871911245587495 0.5055749486652977 0.05950579929399899 0.09305954825462012
0 0.1186333837619768 0.32989733059548254 0.04135148764498235 0.0817659137577002
0 0.17895612708018155 0.29897330595482546 0.04959152798789713 0.11159137577002053
0 0.2890620272314675 0.641694045174538 0.04648008068582955 0.1040041067761807
0 0.1925063035804337 0.4595277207392197 0.03326273323247604 0.12786447638603696
0 0.2844225920322743 0.17570841889117042 0.046903681290973276 0.1013347022587269
0 0.3363237518910741 0.30086242299794663 0.04753908219868885 0.1304517453798768
0 0.6103530005042864 0.69935318275154 0.07226424609178014 0.09530800821355236
0 0.44189611699445286 0.2920225872689938 0.0678113968734241 0.1358213552361396
0 0.35355017650025217 0.6462012320328542 0.05229450327786183 0.1346406570841889
0 0.28076147251638933 0.36598562628336756 0.03360060514372163 0.11581108829568788
0 0.5175794251134644 0.5238911704312115 0.0618910741301059 0.10245379876796715
0 0.5136712052445789 0.6923921971252567 0.05664145234493192 0.07698151950718686
0 0.11859304084720121 0.13781314168377823 0.07696419566313667 0.15110882956878852
0 0.3581543116490167 0.4796611909650924 0.034881492687846696 0.16414784394250512
0 0.28003025718608165 0.4903696098562628 0.02848714069591528 0.12030800821355236
0 0.6127937468482099 0.4702156057494867 0.03259203227433182 0.13731006160164272
0 0.5991225416036309 0.17259753593429158 0.04779122541603631 0.10040041067761808
0 0.6852042360060514 0.3652258726899384 0.040630358043368626 0.08316221765913757
0 0.6914069591527988 0.49432238193018485 0.043943519919314174 0.0935728952772074
0 0.448315683308119 0.6316221765913758 0.05022188603126576 0.09619096509240246
0 0.7978517397881998 0.3297946611909651 0.05551185073121533 0.07182751540041067
0 0.35919818456883507 0.15607802874743326 0.05372667675239536 0.12258726899383984
0 0.9414069591527988 0.5338398357289528 0.050721129601613714 0.10953798767967146
0 0.5346696923852748 0.3109034907597536 0.040922844175491684 0.15035934291581107
0 0.6746999495713566 0.16678644763860367 0.06311649016641452 0.07909650924024642
0 0.84821482602118 0.14596509240246405 0.06556227937468481 0.08328542094455853
0 0.44579929399899143 0.16414784394250512 0.03683308119011599 0.07498973305954826
0 0.9301765002521432 0.6561088295687885 0.054291477559253655 0.08729979466119096
0 0.5249016641452345 0.17770020533880904 0.055204236006051434 0.11991786447638604
0 0.871583459404942 0.288788501026694 0.04922339889056984 0.12277207392197124
0 0.9448260211800302 0.34097535934291584 0.032471003530005045 0.16713552361396303
0 0.7772566817952596 0.5191786447638603 0.09465960665658094 0.07162217659137578
0 0.7791628845184064 0.20587268993839836 0.04661623802319718 0.10910677618069815
0 0.800292486132123 0.6779774127310062 0.06634392334846193 0.11239219712525668
0 0.7100151285930408 0.6725154004106776 0.06543620776601108 0.0685318275154004
0 0.8694704992435703 0.6754928131416837 0.03442259203227434 0.13159137577002053
0 0.863767019667171 0.5412936344969199 0.0586535552193646 0.11096509240246406
0 0.6040040342914775 0.3470225872689938 0.04031265758951084 0.0747022587268994
0 0.4430206757438225 0.5348665297741273 0.045905194150277356 0.1314271047227926
0 0.17889561270801815 0.16040041067761807 0.05395864851235502 0.12119096509240247
0 0.1819213313161876 0.6424743326488707 0.049924357034795766 0.12171457905544147
0 0.9375945537065052 0.1530800821355236 0.054967221381744834 0.06138603696098562