0 0.12355521936459908 0.36708999999999997 0.04826021180030257 0.13165000000000002
0 0.10838124054462935 0.50271 0.03681795259707514 0.0804
0 0.11074634392334846 0.68598 0.03785678265254664 0.05958
0 0.11947554210791729 0.80862 0.02903681290973273 0.09713
0 0.19229450327786182 0.82377 0.040231971759959656 0.10401
0 0.20463943519919314 0.65175 0.028729198184568833 0.10805
0 0.2138023197175996 0.49726 0.05074634392334846 0.08583
0 0.21103378719112456 0.38251 0.05627836611195158 0.11223999999999999
0 0.28051941502773575 0.34082999999999997 0.03555219364599092 0.10221
0 0.2919919314170449 0.84094 0.047942511346444776 0.05779
0 0.27954109934442767 0.52867 0.04287947554210792 0.08194
0 0.2917498739283913 0.68989 0.03265254664649521 0.12454000000000001
0 0.3593746848209783 0.5344800000000001 0.03506303580433687 0.11571
0 0.42675743822491174 0.5504600000000001 0.05771053958648512 0.12249
0 0.5986333837619767 0.36116000000000004 0.04959152798789713 0.10826000000000001
0 0.4511699445284922 0.3372 0.054291477559253655 0.13326
0 0.8735350479072113 0.8298 0.04950075642965204 0.14451
0 0.529299041855774 0.5025299999999999 0.03802319717599597 0.12636
0 0.779299041855774 0.83609 0.04977307110438729 0.14778
0 0.3793948562783661 0.85449 0.04510337871911246 0.08878
0 0.7063540090771558 0.8704700000000001 0.06199697428139183 0.07515999999999999
0 0.44531013615733733 0.84529 0.027589510842158348 0.08084999999999999
0 0.5263691376701967 0.8501299999999999 0.06646495209278871 0.06094
0 0.9511699445284922 0.82496 0.044281391830559756 0.10167
0 0.3718255168935956 0.64728 0.05542107917297025 0.11831
0 0.9467776096822995 0.71942 0.0327130610186586 0.09852
0 0.688426626323752 0.70282 0.06204740292486132 0.07289
0 0.6223751891074131 0.84481 0.042561775088250126 0.05912
0 0.5917952597075139 0.70005 0.06372163388804841 0.06498999999999999
0 0.8657236510337872 0.69908 0.040100857286938976 0.07431
0 0.8339838628340898 0.38755 0.04031265758951084 0.05879
0 0.8588855269793243 0.50059 0.028013111447302067 0.07952
0 0.7758799798285426 0.38973 0.047881996974281395 0.13374
0 0.675143721633888 0.5204500000000001 0.05989914271306102 0.04721
0 0.6069339384770549 0.48969999999999997 0.05771053958648512 0.11170999999999999
0 0.3805345436207766 0.34373000000000004 0.061603630862329804 0.06651
0 0.5278315683308119 0.65551 0.03131114473020676 0.14693
0 0.44360564800806856 0.65435 0.02827534039334342 0.12415000000000001
0 0.7877054967221382 0.64954 0.044523449319213315 0.10405
0 0.5306101865859809 0.32267 0.06272818961169944 0.08236
0 0.7024205748865356 0.33515 0.038946041351487645 0.09303
0 0.9285173978819969 0.35323000000000004 0.049162884518406454 0.08062000000000001
0 0.9497478567826525 0.5061100000000001 0.02643469490670701 0.08639
0 0.789904185577408 0.55729 0.04821482602118003 0.09731999999999999