0 0.09618759455370651 0.134702329594478 0.054357034795763995 0.0476100086281277
0 0.10008572869389813 0.3032355478861087 0.050050428643469494 0.08132010353753236
0 0.20006555723651034 0.28029335634167385 0.026026222894604135 0.04471095772217429
0 0.17827029752899645 0.1442622950819672 0.05992435703479576 0.08958584987057808
0 0.2083761976802824 0.43275237273511646 0.043363590519415025 0.08547886108714409
0 0.2847302067574382 0.13926660914581535 0.04253656076651538 0.04749784296807592
0 0.2756328794755421 0.2792407247627265 0.042173474533535045 0.11289042277825712
0 0.1116338880484115 0.45280414150129417 0.06439233484619264 0.07848144952545297
0 0.37329299041855774 0.28362381363244177 0.04577407967725668 0.07200172562553926
0 0.28100353000504286 0.41312338222605693 0.049409984871406964 0.05800690250215704
0 0.5196066565809381 0.15116479723899912 0.042239031770045385 0.08729076790336497
0 0.18554715078164397 0.5818723037100949 0.05203227433182048 0.0739344262295082
0 0.3754866364094806 0.43233822260569454 0.042173474533535045 0.09121656600517687
0 0.43871911245587497 0.42899050905953406 0.08136157337367625 0.07774805867126833
0 0.3645032778618255 0.13168248490077653 0.05050428643469491 0.04929249352890423
0 0.5219717599596571 0.4365142364106989 0.05697428139183056 0.06505608283002588
0 0.5288098840141201 0.2894736842105263 0.02210791729702471 0.05482312338222606
0 0.4504084720121029 0.25337359792924935 0.04159354513363591 0.12943917169974117
0 0.27026222894604135 0.5722691975841242 0.05771053958648512 0.10661777394305436
0 0.6259757942511346 0.4118636755823986 0.07409480584972264 0.08918032786885245
0 0.5244125063035805 0.5551423641069888 0.04113968734241049 0.09325280414150129
0 0.3728038325769037 0.5881449525452976 0.04986384266263237 0.08009490940465919
0 0.614256177508825 0.1209318377911993 0.03424104891578417 0.09660051768766177
0 0.11261220373171962 0.5685073339085418 0.08496217851739787 0.05377911993097498
0 0.6235350479072113 0.2886367558239862 0.05261220373171962 0.07848144952545297
0 0.614256177508825 0.5501294219154443 0.07611195158850227 0.07545297670405522
0 0.9384770549672213 0.12907679033649697 0.08404437720625316 0.10526315789473684
0 0.4384770549672214 0.5881449525452976 0.054200706001008576 0.0846937014667817
0 0.8627937468482099 0.14901639344262296 0.039793242561775084 0.14432269197584124
0 0.7832022188603126 0.12719585849870577 0.04385274836106908 0.06756686798964624
0 0.701976802824004 0.15291630716134597 0.08433182047402925 0.0764020707506471
0 0.9404286434694906 0.3076445211389129 0.047942511346444776 0.09889559965487489
0 0.6992183560262228 0.2880155306298533 0.032773575390821985 0.06459016393442622
0 0.863767019667171 0.2894736842105263 0.04895108421583459 0.12155306298533218
0 0.778320726172466 0.25877480586712687 0.03173978819969743 0.08296807592752373
0 0.7666011094301564 0.3930716134598792 0.05380231971759959 0.10281276962899051
0 0.9291981845688351 0.4149956859361519 0.05481089258698941 0.10452976704055221
0 0.8618154311649017 0.4260655737704918 0.04672213817448311 0.04738567730802416
0 0.8579122541603631 0.5672562553925798 0.05685325264750378 0.0618723037100949
0 0.6764750378214827 0.40997411561691116 0.05460917801311145 0.09201035375323555
0 0.9619162884518406 0.5580672993960311 0.05844175491679274 0.07121656600517688
0 0.7935199193141704 0.5786022433132011 0.06194150277357539 0.1083779119930975
0 0.7016591023701463 0.5852200172562554 0.04663136661623802 0.07080241587575496
0 0.4399293998991427 0.1540983606557377 0.04263741805345436 0.09026747195858499