0 0.1170196671709531 0.15571606475716065 0.0619011598587998 0.12811955168119551
0 0.10530509329299041 0.41285180572851804 0.04340393343419062 0.07902864259028643
0 0.11504790721129601 0.6316189290161893 0.04118507312153303 0.08331257783312579
0 0.09396369137670198 0.8043960149439601 0.042420574886535556 0.08257783312577834
0 0.18145234493192133 0.832876712328767 0.057584467977811395 0.10103362391033624
0 0.18194654563792234 0.5976587795765879 0.046979324256177506 0.08932752179327522
0 0.18145234493192133 0.3617185554171855 0.052652546646495206 0.14504358655043587
0 0.2125264750378215 0.1697384806973848 0.05956127080181543 0.11180572851805728
0 0.27701462430660617 0.18892901618929017 0.05413514876449823 0.09170610211706103
0 0.27794251134644476 0.4037110834371108 0.030579929399899144 0.12165628891656288
0 0.2788653555219365 0.5851805728518057 0.07312153303076148 0.07046077210460772
0 0.2763993948562784 0.7856911581569116 0.03539082198688855 0.15277708592777087
0 0.3654311649016641 0.8368368617683687 0.04476046394351992 0.1357409713574097
0 0.35790721129601616 0.6040597758405978 0.08569843671205245 0.13986301369863013
0 0.3736913767019667 0.4087546699875467 0.05807866868381241 0.11491905354919053
0 0.36062027231467475 0.15315068493150685 0.03711548159354513 0.15412204234122043
0 0.4380584972264246 0.19090909090909092 0.0635047907211296 0.1395143212951432
0 0.45421583459404946 0.45366127023661273 0.04476046394351992 0.14384806973848072
0 0.43232476046394347 0.633760896637609 0.06313666162380233 0.09732254047322542
0 0.44786182551689363 0.8168866749688668 0.04981845688350984 0.0690535491905355
0 0.5324558749369641 0.822079701120797 0.03156833081190116 0.18658779576587797
0 0.5174735249621786 0.613810709838107 0.07435703479576398 0.10371108343711083
0 0.5178416540595059 0.4040348692403487 0.06276348966212808 0.0786799501867995
0 0.5116742309631871 0.1829887920298879 0.05043368633383762 0.16752179327521793
0 0.623767019667171 0.23701120797011208 0.05388804841149773 0.15063511830635118
0 0.5957135653050932 0.4255043586550436 0.055738779626828036 0.1362266500622665
0 0.6299293998991428 0.6211332503113325 0.052158345940494205 0.21088418430884184
0 0.6124810892586989 0.8365130759651308 0.03501765002521432 0.11331257783312577
0 0.6954109934442764 0.854321295143213 0.03193645990922844 0.18242839352428394
0 0.6811043872919819 0.6156413449564134 0.052652546646495206 0.13658779576587796
0 0.6896116994452849 0.45229140722291405 0.04254160363086233 0.1435491905354919
0 0.6872718103883005 0.18861768368617685 0.0551185073121533 0.0862266500622665
0 0.795042864346949 0.19697384806973847 0.05857286938981342 0.16495641344956413
0 0.7970801815431164 0.3834869240348692 0.0564750378214826 0.1106475716064757
0 0.7634140191628844 0.611519302615193 0.06560262228946041 0.10789539227895392
0 0.7862884518406456 0.8193275217932752 0.06818961169944529 0.08854296388542963
0 0.872481089258699 0.854346201743462 0.07040847201210287 0.14640099626400996
0 0.8648361069087241 0.5985927770859278 0.03539082198688855 0.10978829389788293
0 0.85059505799294 0.4105728518057285 0.038719112455874935 0.06254047322540474
0 0.8763691376701966 0.23002490660024907 0.03896621280887544 0.1373972602739726
0 0.9429551185073122 0.23170610211706102 0.04389813414019163 0.1431755915317559
0 0.9399949571356531 0.3955043586550436 0.03896621280887544 0.07136986301369863
0 0.9501664145234493 0.635255292652553 0.045501765002521434 0.13103362391033624
0 0.9310539586485124 0.7829265255292653 0.046979324256177506 0.12794520547945204