0 0.11144225920322744 0.20258104738154614 0.030781643973777105 0.08609725685785535
0 0.12768028240040344 0.34413965087281795 0.05264246091780131 0.06316708229426433
0 0.11431164901664145 0.4601246882793017 0.07174987392839133 0.09325436408977557
0 0.09217851739788199 0.6056234413965087 0.0548714069591528 0.09880299251870324
0 0.10703983862834089 0.7348503740648379 0.02939989914271306 0.10539900249376559
0 0.11080685829551185 0.8782418952618454 0.05073121533030761 0.07376558603491272
0 0.1687039838628341 0.837568578553616 0.040438729198184566 0.12992518703241895
0 0.14323247604639433 0.7589900249376559 0.05720625315179022 0.05713216957605985
0 0.17767523953605646 0.6124314214463841 0.05285426122037317 0.07226932668329177
0 0.17761976802824006 0.5149625935162094 0.043832576903681295 0.12528678304239402
0 0.14582955118507313 0.3735286783042394 0.0443671205244579 0.06699501246882793
0 0.1823449319213313 0.25320448877805485 0.045214321734745336 0.167356608478803
0 0.22256681795259708 0.22684538653366584 0.03354009077155825 0.09625935162094763
0 0.2158799798285426 0.32852867830423943 0.03629853756933939 0.06513715710723192
0 0.23376701966717095 0.40384039900249374 0.04086232980332829 0.14021197007481298
0 0.22028744326777608 0.6203117206982544 0.0519011598587998 0.07992518703241895
0 0.23111447302067575 0.7221072319201995 0.05996974281391831 0.10268079800498753
0 0.2375340393343419 0.8367705735660849 0.04393847705496722 0.11680798004987532
0 0.2771759959657085 0.7341895261845387 0.05762985375693394 0.08310473815461347
0 0.2942662632375189 0.8878179551122194 0.055723651033787194 0.06930174563591023
0 0.2876853252647504 0.5953865336658354 0.042561775088250126 0.13501246882793017
0 0.28200706001008574 0.49487531172069826 0.02589510842158346 0.11008728179551124
0 0.2911346444780636 0.38598503740648377 0.044155320221886035 0.1074937655860349
0 0.28566817952597073 0.2037655860349127 0.04001512859304084 0.07586034912718205
0 0.32785678265254664 0.22673316708229427 0.028446797781139687 0.13228179551122196
0 0.3832072617246596 0.1526059850374065 0.03810388300554715 0.10996259351620948
0 0.3501462430660615 0.31021197007481294 0.05009581442259203 0.10066084788029926
0 0.37800806858295516 0.36019950124688277 0.04638426626323752 0.10354114713216958
0 0.33088250126071606 0.4806483790523691 0.055723651033787194 0.08069825436408977
0 0.39620776601109425 0.4603117206982544 0.030141200201714576 0.07543640897755612
0 0.3845335350479072 0.618927680798005 0.02801815431164902 0.09610972568578553
0 0.34276853252647504 0.5795760598503741 0.06145234493192133 0.14002493765586035
0 0.33433182047402926 0.7363092269326683 0.032904689863842665 0.11037406483790523
0 0.38755925365607663 0.7411471321695761 0.061875945537065054 0.07513715710723191
0 0.33316187594553703 0.8677431421446383 0.024624306606152294 0.10527431421446384
0 0.3870801815431165 0.9033167082294264 0.02801815431164902 0.10438902743142145
0 0.4365405950579929 0.9037032418952619 0.08448310640443772 0.07998753117206983
0 0.43075642965204236 0.7845885286783042 0.04426122037317196 0.1292768079800499
0 0.4468885526979324 0.6355486284289277 0.03831568330811901 0.143927680798005
0 0.4327181038830056 0.49332917705735657 0.03438729198184569 0.10295511221945136
0 0.4380282400403429 0.3319451371571073 0.0534947049924357 0.062394014962593516
0 0.44051941502773573 0.21254364089775563 0.029823499747856783 0.11079800498753117
0 0.5097730711043873 0.1818204488778055 0.03226424609178013 0.13743142144638404
0 0.4904034291477559 0.3240523690773067 0.05317700453857791 0.07547381546134664
0 0.4896621280887544 0.49880299251870325 0.06230458900655572 0.12054862842892769
0 0.4856278366111952 0.5982418952618455 0.0499899142713061 0.08326683291770574
0 0.4861573373676248 0.7416832917705736 0.05317700453857791 0.16521197007481297
0 0.5014422592032275 0.8434788029925188 0.030887544125063036 0.11184538653366584
0 0.5561573373676247 0.8816708229426434 0.04988401412002017 0.07158354114713217
0 0.5471860816944024 0.7164837905236908 0.06272818961169944 0.10977556109725686
0 0.561674230963187 0.5895012468827929 0.05370650529500756 0.12319201995012469
0 0.557428139183056 0.5099750623441397 0.04393847705496722 0.14290523690773066
0 0.5416137165910236 0.3161845386533666 0.044155320221886035 0.13968827930174563
0 0.5716540595057993 0.2327431421446384 0.059223398890569844 0.11761845386533666
0 0.6049823499747857 0.17384039900249376 0.04033282904689864 0.10047381546134664
0 0.5979727685325265 0.34178304239401497 0.0416036308623298 0.10948877805486285
0 0.620211800302572 0.4690399002493766 0.02939989914271306 0.08066084788029924
0 0.5956379223398891 0.5914588528678304 0.050519415027735756 0.10089775561097257
0 0.5968078668683813 0.7360349127182044 0.05455370650529501 0.1319077306733167
0 0.6031215330307614 0.9017331670822943 0.06633383761976802 0.11280548628428927
0 0.6429248613212305 0.7393142144638404 0.04935451336359052 0.12796758104738154
0 0.6790620272314675 0.9084164588528678 0.06113464447806354 0.07113466334164588
0 0.6572516389309128 0.623067331670823 0.04723146747352496 0.09278054862842892
0 0.6732778618255169 0.5048628428927681 0.08098335854765507 0.11662094763092269
0 0.6647352496217852 0.3825935162094763 0.06729198184568835 0.1302369077306733
0 0.6580988401412002 0.2057356608478803 0.05827029752899647 0.11653366583541146
0 0.7158396369137671 0.19760598503740648 0.044473020675743824 0.07507481296758105
0 0.7196621280887544 0.4176184538653367 0.024306606152294505 0.1415211970074813
0 0.7396671709531013 0.32774314214463846 0.061346444780635404 0.063428927680798
0 0.7257639939485628 0.6119201995012469 0.045002521432173474 0.08097256857855362
0 0.7239082198688855 0.7488778054862844 0.03937468482097831 0.09846633416458853
0 0.7037418053454362 0.8652618453865337 0.0499899142713061 0.12800498753117207
0 0.7715632879475542 0.869713216957606 0.017937468482097832 0.07508728179551122
0 0.7752748361069086 0.7583291770573566 0.040226928895612704 0.09255610972568579
0 0.7731517902168432 0.5810847880299251 0.03194654563792234 0.10326683291770573
0 0.7792586989409985 0.4434663341645886 0.02377710539586485 0.13445137157107231
0 0.7616389309127584 0.3036159600997506 0.05816439737771054 0.1254862842892768
0 0.7594604135148765 0.19679551122194516 0.0529601613716591 0.11751870324189526
0 0.8145990922844175 0.20993765586034913 0.06686838124054463 0.09764339152119701
0 0.8344478063540091 0.37076059850374066 0.03226424609178013 0.145286783042394
0 0.8449016641452345 0.44660847880299254 0.06909732728189612 0.0901496259351621
0 0.8468633383761976 0.6338154613466334 0.04224407463439233 0.15438902743142144
0 0.8092385274836107 0.8653740648379052 0.06166414523449319 0.1005361596009975
0 0.8788653555219365 0.871284289276808 0.047866868381240546 0.12859102244389026
0 0.8473978819969743 0.7562468827930174 0.04797276853252647 0.17022443890274316
0 0.8898487140695915 0.7433790523690774 0.03948058497226425 0.09622194513715711
0 0.8875138678769542 0.5964463840399002 0.02801815431164902 0.13816708229426433
0 0.8915481593545134 0.4268079800498753 0.036086737266767525 0.13890274314214465
0 0.8843318204740293 0.3276059850374065 0.030141200201714576 0.061596009975062344
0 0.8885779122541604 0.18159600997506234 0.05137165910237015 0.09133416458852868
0 0.9666918809884014 0.21753117206982545 0.05476550680786686 0.11174563591022445
0 0.948915784165406 0.31802992518703244 0.0370398386283409 0.07655860349127182
0 0.9404790721129602 0.44753117206982546 0.025683308119011598 0.15517456359102244
0 0.9483308119011599 0.6229426433915213 0.054130105900151285 0.10091022443890275
0 0.9423348461926374 0.7374563591022445 0.03470499243570348 0.08351620947630924
0 0.9403731719616742 0.8757356608478803 0.027594553706505296 0.13437655860349126