0 0.09134576612903225 0.2612919254658385 0.05397681451612903 0.12298136645962733
0 0.09995967741935484 0.36782608695652175 0.04837197580645161 0.10837267080745341
0 0.10914314516129033 0.4921614906832298 0.050549395161290325 0.15460869565217392
0 0.12082157258064516 0.6999627329192547 0.05065524193548387 0.10495652173913043
0 0.09310987903225806 0.8158509316770186 0.05958165322580645 0.14932919254658383
0 0.1535735887096774 0.7955155279503106 0.06549899193548386 0.08001242236024844
0 0.14786290322580645 0.6815652173913043 0.06238407258064516 0.07511801242236024
0 0.17225302419354838 0.5967701863354037 0.04473790322580645 0.1449192546583851
0 0.1602671370967742 0.456223602484472 0.04899193548387097 0.13183850931677019
0 0.18076612903225805 0.26719254658385094 0.06362903225806452 0.1670807453416149
0 0.22410282258064515 0.2416024844720497 0.05210685483870967 0.07848447204968945
0 0.22591733870967742 0.39085714285714285 0.04805947580645161 0.09114285714285715
0 0.21304939516129032 0.5207950310559006 0.0731804435483871 0.07660869565217392
0 0.245539314516129 0.6777142857142856 0.05200604838709678 0.0860248447204969
0 0.2420110887096774 0.8038136645962733 0.06570564516129034 0.05683229813664596
0 0.2936491935483871 0.8143229813664596 0.058336693548387095 0.14217391304347826
0 0.2870564516129032 0.7003602484472049 0.04764616935483871 0.07588819875776398
0 0.2811945564516129 0.5141490683229814 0.024702620967741933 0.11062111801242236
0 0.26697076612903226 0.41463354037267075 0.0431804435483871 0.13546583850931676
0 0.2980090725806452 0.23150310559006212 0.058336693548387095 0.10798757763975156
0 0.32551411290322585 0.21346583850931677 0.08387096774193549 0.08360248447204968
0 0.3230241935483871 0.37909316770186335 0.059788306451612906 0.11467080745341615
0 0.3492842741935484 0.5618385093167702 0.0446320564516129 0.10499378881987577
0 0.3367792338709677 0.6479254658385094 0.049717741935483874 0.1142360248447205
0 0.33288306451612903 0.8313291925465839 0.04505040322580645 0.0800248447204969
0 0.40357358870967747 0.7929565217391304 0.0431804435483871 0.08511801242236024
0 0.4038860887096774 0.6985590062111802 0.033422379032258066 0.09957763975155279
0 0.39578629032258067 0.5277018633540372 0.05750504032258065 0.07508074534161491
0 0.3890423387096774 0.44125465838509315 0.04733366935483871 0.11827329192546583
0 0.39464717741935484 0.31745341614906836 0.049410282258064514 0.16121739130434784
0 0.43242943548387097 0.23175155279503107 0.05522177419354839 0.10227329192546583
0 0.4453024193548387 0.38178881987577634 0.03529233870967742 0.12209937888198759
0 0.4485685483870968 0.5019875776397515 0.06093245967741936 0.11831055900621118
0 0.4354385080645161 0.6472670807453416 0.05293850806451613 0.14281987577639751
0 0.4487247983870968 0.7861614906832298 0.04712701612903226 0.09827329192546584
0 0.5038407258064516 0.8456521739130435 0.04027217741935484 0.09229813664596273
0 0.5015574596774194 0.6425590062111801 0.02740423387096774 0.15055900621118012
0 0.4973538306451613 0.5274409937888198 0.032489919354838706 0.11037267080745342
0 0.5185836693548387 0.39495652173913043 0.04484375 0.12388819875776398
0 0.4938256048387097 0.2280496894409938 0.032696572580645164 0.08675776397515528
0 0.5588558467741935 0.2548944099378882 0.03820060483870968 0.08462111801242236
0 0.5550655241935484 0.4278260869565217 0.03477318548387096 0.11187577639751553
0 0.567469758064516 0.5888447204968944 0.033840725806451616 0.1352049689440994
0 0.5341028225806452 0.6978136645962733 0.04785282258064516 0.11170186335403727
0 0.5551209677419354 0.781192546583851 0.05231350806451613 0.1495776397515528
0 0.6168296370967742 0.7981987577639751 0.054495967741935485 0.10788819875776397
0 0.6127268145161291 0.6889689440993789 0.027610887096774193 0.14946583850931677
0 0.6139717741935483 0.5330807453416149 0.0778477822580645 0.1341614906832298
0 0.6065020161290322 0.38638509316770187 0.07328124999999999 0.06172670807453416
0 0.619788306451613 0.2543975155279503 0.03757560483870968 0.06987577639751552
0 0.64859375 0.2679503105590062 0.06570564516129034 0.05811180124223603
0 0.6616179435483871 0.40504347826086956 0.030307459677419355 0.06257142857142857
0 0.6669657258064516 0.5431801242236025 0.04764616935483871 0.08070807453416148
0 0.6507207661290323 0.6862981366459627 0.06207157258064516 0.0784472049689441
0 0.657258064516129 0.8084347826086956 0.06809475806451612 0.06696894409937888
0 0.7354183467741935 0.8388695652173913 0.09030745967741935 0.08283229813664597
0 0.7043850806451613 0.6829689440993788 0.04276713709677419 0.06973913043478261
0 0.7122227822580645 0.5295031055900621 0.03871975806451613 0.1515527950310559
0 0.7139868951612903 0.42039751552795035 0.04847278225806452 0.0602111801242236
0 0.7122227822580645 0.2691055900621118 0.03871975806451613 0.09929192546583852
0 0.7697782258064516 0.31361490683229815 0.05480846774193548 0.14330434782608695
0 0.7863356854838709 0.39878260869565213 0.06238407258064516 0.09352795031055901
0 0.7753326612903225 0.4984223602484472 0.027923387096774194 0.15486956521739131
0 0.790539314516129 0.6439503105590062 0.05065524193548387 0.12083229813664596
0 0.7818195564516129 0.807416149068323 0.0431804435483871 0.10993788819875776
0 0.8422278225806452 0.8204596273291925 0.05106854838709677 0.10942857142857143
0 0.8212600806451613 0.672223602484472 0.05563508064516129 0.08099378881987578
0 0.8472127016129032 0.5059503105590062 0.053558467741935484 0.13903105590062112
0 0.8210534274193548 0.4196273291925466 0.04359375 0.0968447204968944
0 0.8236995967741936 0.29264596273291926 0.04992943548387097 0.11362732919254659
0 0.9013961693548387 0.261416149068323 0.03820060483870968 0.07975155279503106
0 0.9000957661290322 0.3573416149068323 0.057399193548387094 0.13344099378881988
0 0.8708266129032258 0.5627577639751553 0.044531249999999994 0.12598757763975155
0 0.8801159274193548 0.7622732919254658 0.022626008064516128 0.13627329192546583
0 0.8859274193548388 0.7171055900621118 0.0425554435483871 0.12387577639751553
0 0.9252167338709678 0.8134285714285714 0.050136088709677416 0.1362857142857143
0 0.9358568548387097 0.6921863354037268 0.05314516129032258 0.10248447204968944
0 0.9394354838709676 0.5190062111801242 0.027923387096774194 0.0957888198757764
0 0.9389163306451612 0.4152919254658385 0.032903225806451615 0.12159006211180123
0 0.9415120967741936 0.28993788819875776 0.026053427419354836 0.1393416149068323