0 0.10962701612903226 0.15858193277310925 0.03276209677419355 0.09342436974789915
0 0.1145413306451613 0.3146953781512605 0.06577620967741936 0.11169117647058824
0 0.09998991935483871 0.5166071428571428 0.03490423387096774 0.07026260504201681
0 0.10150201612903226 0.652468487394958 0.04296875 0.15157563025210086
0 0.1983366935483871 0.6545903361344537 0.03679435483870968 0.14880252100840335
0 0.1907157258064516 0.49361344537815127 0.06010584677419355 0.11223739495798318
0 0.19272681451612902 0.33110294117647054 0.07699092741935484 0.0604936974789916
0 0.1826461693548387 0.15084033613445377 0.059097782258064516 0.09631302521008403
0 0.2701612903225806 0.14585084033613444 0.05141129032258065 0.08108193277310924
0 0.2829586693548387 0.37141806722689075 0.05005040322580645 0.13012605042016806
0 0.33911290322580645 0.5065126050420168 0.05242943548387097 0.10627100840336134
0 0.2846673387096774 0.6777205882352941 0.05645665322580645 0.0943172268907563
0 0.5283215725806452 0.4848844537815126 0.0699445564516129 0.1129516806722689
0 0.5219707661290323 0.6828046218487395 0.06347782258064516 0.08165966386554621
0 0.34999495967741934 0.6730252100840336 0.05712197580645161 0.1332563025210084
0 0.4418951612903226 0.5535294117647059 0.05975302419354839 0.12762605042016806
0 0.6152368951612904 0.3673529411764706 0.07080141129032258 0.09921218487394959
0 0.7910181451612904 0.6726260504201681 0.05685483870967742 0.0905672268907563
0 0.5390625 0.3190126050420168 0.036774193548387096 0.14755252100840335
0 0.43115423387096774 0.3330882352941177 0.05419858870967742 0.11489495798319327
0 0.626008064516129 0.1553886554621849 0.05297883064516129 0.07991596638655463
0 0.7679385080645161 0.5095588235294118 0.04662298387096774 0.12987394957983192
0 0.5219707661290323 0.1484453781512605 0.03561491935483871 0.12777310924369747
0 0.6293951612903226 0.5210084033613446 0.05005040322580645 0.08165966386554621
0 0.36303931451612903 0.30451680672268905 0.046537298387096776 0.1129516806722689
0 0.8544909274193548 0.32690126050420165 0.05920362903225806 0.09921218487394959
0 0.9379889112903226 0.6736449579831932 0.07836693548387096 0.11829831932773109
0 0.5964415322580645 0.700609243697479 0.054949596774193546 0.08623949579831933
0 0.9365221774193548 0.34241596638655464 0.04876512096774194 0.1563235294117647
0 0.9433618951612904 0.5367857142857143 0.054596774193548386 0.12777310924369747
0 0.849702620967742 0.699264705882353 0.07508064516129033 0.10413865546218487
0 0.7036139112903226 0.1563235294117647 0.04601814516129032 0.1448844537815126
0 0.4581098790322581 0.1408403361344538 0.044243951612903225 0.09558823529411764
0 0.7714868951612904 0.14436974789915966 0.02970766129032258 0.080640756302521
0 0.3701159274193548 0.12984243697478992 0.05428931451612903 0.10970588235294118
0 0.6922076612903225 0.5179516806722689 0.052716733870967744 0.09361344537815126
0 0.8686542338709677 0.15701680672268906 0.0802016129032258 0.05426470588235294
0 0.9472681451612904 0.15990546218487395 0.06671370967741937 0.10910714285714286
0 0.685453629032258 0.3388550420168067 0.04620967741935484 0.05994747899159664
0 0.8569354838709677 0.4940441176470588 0.043608870967741936 0.10411764705882354
0 0.6811995967741935 0.6805042016806723 0.06898185483870968 0.06897058823529412
0 0.2764616935483871 0.4878571428571429 0.03679435483870968 0.11987394957983194
0 0.4396421370967742 0.6619432773109243 0.060735887096774195 0.11309873949579832
0 0.7823840725806451 0.38176470588235295 0.047631048387096774 0.14061974789915968