0 0.10336863338376197 0.1549396551724138 0.059904185577407974 0.08600000000000001
0 0.11360060514372164 0.2805344827586207 0.024836106908724155 0.03255172413793103
0 0.19426122037317198 0.14963793103448278 0.05466969238527483 0.08204310344827587
0 0.17776601109430157 0.3121637931034483 0.04748361069087241 0.0691896551724138
0 0.2819919314170449 0.14129310344827586 0.029490670700958142 0.05328448275862069
0 0.10148260211800303 0.5350258620689655 0.06582955118507312 0.0980948275862069
0 0.2555824508320726 0.426551724137931 0.057493696419566316 0.040508620689655175
0 0.1032072617246596 0.4457672413793104 0.06250630358043369 0.07861206896551724
0 0.27612203731719615 0.29966379310344826 0.019606656580937975 0.1008448275862069
0 0.6025365607665153 0.5638448275862068 0.04312153303076147 0.061560344827586204
0 0.27905194150277357 0.5317068965517241 0.022460917801311143 0.08795689655172415
0 0.4338376197680282 0.5538275862068966 0.051270801815431165 0.05561206896551724
0 0.3471507816439738 0.5337931034482759 0.04562279374684821 0.09181896551724138
0 0.9343620776601109 0.28011206896551727 0.058905698436712055 0.12904310344827585
0 0.5205093292990419 0.168301724137931 0.02924861321230459 0.08185344827586206
0 0.3645032778618255 0.29799137931034486 0.033020675743822496 0.07538793103448276
0 0.9553303076147251 0.1192155172413793 0.07227937468482099 0.0689396551724138
0 0.5195310136157337 0.4254913793103448 0.047700453857791224 0.06526724137931034
0 0.6049823499747857 0.3000775862068965 0.03817952597075138 0.07048275862068966
0 0.45141704488149265 0.2913103448275862 0.04577407967725668 0.07512068965517242
0 0.6020524457892082 0.17247413793103447 0.0408320726172466 0.09349137931034483
0 0.45531013615733734 0.1335086206896552 0.03995461422087746 0.135
0 0.8461926374180535 0.303 0.04559253656076651 0.07209482758620689
0 0.18688855269793245 0.5492413793103448 0.04031265758951084 0.06917241379310345
0 0.9233383761976803 0.5650948275862069 0.05771053958648512 0.04368965517241379
0 0.7788098840141201 0.2827586206896552 0.050050428643469494 0.11383620689655173
0 0.5268532526475038 0.5521637931034483 0.04303076147251639 0.11320689655172413
0 0.8681643973777106 0.5926465517241379 0.04629349470499244 0.08154310344827587
0 0.44726676752395356 0.4152672413793103 0.038910741301059 0.07481034482758621
0 0.7705093292990419 0.17038793103448277 0.04904185577407968 0.09937931034482758
0 0.854962178517398 0.12301724137931033 0.052783661119515886 0.065
0 0.36523449319213314 0.42236206896551726 0.032289460413514874 0.056344827586206896
0 0.5273424104891579 0.28129310344827585 0.05542107917297025 0.0415
0 0.8422844175491679 0.4499051724137931 0.05468986384266263 0.09489655172413793
0 0.7622087745839637 0.43697413793103446 0.05719112455874937 0.0554051724137931
0 0.9433585476550681 0.42487068965517244 0.04193141704488149 0.056758620689655176
0 0.7082450832072618 0.298198275862069 0.05085728693898134 0.07768103448275862
0 0.6879929399899143 0.4154827586206896 0.03636409480584972 0.05331896551724138
0 0.6093746848209783 0.42361206896551723 0.02854765506807867 0.04012068965517241
0 0.7080080685829552 0.13156896551724137 0.048124054462934954 0.050112068965517245
0 0.17727685325264753 0.41288793103448274 0.06111951588502269 0.06755172413793104
0 0.3679425113464448 0.16757758620689653 0.03394856278366112 0.1048448275862069
0 0.6882854261220372 0.5877068965517241 0.03604135148764498 0.10089655172413793
0 0.7740040342914775 0.5572155172413793 0.026298537569339385 0.059896551724137936