0 0.11996471774193548 0.32611443779108445 0.042328629032258064 0.07803725881570193
0 0.20722782258064515 0.3405189620758483 0.05659274193548387 0.0771789753825682
0 0.29663306451612903 0.33246839654025284 0.048125 0.05654690618762475
0 0.20788810483870968 0.44924817032601466 0.03179939516129032 0.06944777112441783
0 0.2880846774193548 0.4573053892215569 0.05081149193548387 0.06054557551563539
0 0.28051915322580645 0.5514105123087158 0.03469758064516129 0.0760146373918829
0 0.11859375 0.5562408516300732 0.0386945564516129 0.06437125748502993
0 0.12158266129032258 0.4466666666666667 0.030105846774193548 0.041816367265469064
0 0.45288306451612903 0.31179640718562873 0.042389112903225806 0.07154357950765136
0 0.19409274193548387 0.6590485695276114 0.03423891129032258 0.03579507651363938
0 0.3637701612903226 0.32491017964071855 0.05127016129032258 0.03802395209580838
0 0.20019657258064516 0.5491550232867598 0.028059475806451614 0.03478376580172987
0 0.12036290322580646 0.6632335329341318 0.028931451612903225 0.049108449767132405
0 0.7138659274193548 0.3423619427811045 0.04876512096774194 0.05271457085828343
0 0.36596774193548387 0.44634730538922157 0.03384576612903226 0.052814371257485025
0 0.37890625 0.5526946107784432 0.03347782258064516 0.04165668662674651
0 0.8603528225806452 0.3251696606786427 0.0392741935483871 0.06389221556886228
0 0.27075100806451613 0.6564670658682634 0.06463709677419355 0.05124417831004657
0 0.5349445564516129 0.33301397205588823 0.05139616935483871 0.04451097804391218
0 0.60546875 0.33469727212242184 0.06371975806451613 0.049354624085163015
0 0.5380846774193548 0.4392548236859614 0.047515120967741936 0.04302062541583499
0 0.9428729838709677 0.552375249500998 0.04208165322580645 0.04246174318030606
0 0.9365221774193548 0.6664604125083168 0.02409274193548387 0.044677312042581505
0 0.4688608870967742 0.4353892215568862 0.05618951612903226 0.043586161011310715
0 0.6108417338709677 0.4379707252162342 0.04876512096774194 0.03950099800399202
0 0.5322278225806452 0.553985362608117 0.05987399193548387 0.04302062541583499
0 0.6010735887096774 0.6690352628077179 0.06304939516129032 0.04111111111111111
0 0.6113306451612904 0.5630073186959414 0.03683467741935484 0.07287425149700599
0 0.7871118951612904 0.4382900864936793 0.04168850806451613 0.051643379906852964
0 0.6770614919354838 0.6677245508982036 0.07263608870967743 0.05182967398536261
0 0.9394556451612904 0.31969394544244845 0.03994959677419355 0.05313373253493014
0 0.37109375 0.6619494344644045 0.04681451612903226 0.03558882235528942
0 0.7011743951612904 0.5433532934131736 0.03259072580645161 0.050958083832335334
0 0.43725806451612903 0.6561477045908184 0.04113911290322581 0.052734530938123754
0 0.5302721774193548 0.6671057884231537 0.056975806451612904 0.05502994011976047
0 0.45527721774193547 0.5469594145043247 0.05032762096774193 0.08116433799068529
0 0.8714717741935484 0.6584031936127744 0.04714213709677419 0.08077178975382568
0 0.7919909274193548 0.5459281437125748 0.05633568548387097 0.05430472388556221
0 0.86328125 0.4369993346640053 0.040468750000000005 0.03944111776447106
0 0.87109375 0.5581769793745842 0.051849798387096774 0.08741849634065202
0 0.6883870967741935 0.43883566200931473 0.02470766129032258 0.04260146373918829
0 0.7775100806451613 0.6598137059214904 0.031587701612903224 0.09367930805056554
0 0.9457711693548387 0.4412109115103127 0.056859879032258066 0.035708582834331336
0 0.7825907258064516 0.33979374584165 0.04268145161290323 0.06565535595475716